 -0.113539 0.702874 0.115210 0.692677 23.256927 5.989934 -2.270973
 -0.115402 0.701182 0.116622 0.693847 23.006715 5.984216 -2.205565
 -0.117804 0.698897 0.118388 0.695448 22.708270 5.980691 -2.120132
 -0.120388 0.696335 0.120229 0.697257 22.411602 5.980440 -2.027883
 -0.123153 0.693500 0.122137 0.699266 22.116502 5.983079 -1.929620
 -0.126098 0.690394 0.124108 0.701463 21.822759 5.988221 -1.826144
 -0.129222 0.687023 0.126135 0.703839 21.530167 5.995483 -1.718258
 -0.132524 0.683391 0.128211 0.706382 21.238515 6.004479 -1.606763
 -0.136003 0.679502 0.130330 0.709079 20.947594 6.014823 -1.492461
 -0.139655 0.675364 0.132484 0.711917 20.657196 6.026130 -1.376155
 -0.143479 0.670984 0.134668 0.714883 20.367111 6.038015 -1.258646
 -0.147472 0.666369 0.136875 0.717961 20.077131 6.050093 -1.140735
 -0.151632 0.661528 0.139098 0.721137 19.787046 6.061978 -1.023226
 -0.155954 0.656473 0.141332 0.724393 19.496648 6.073285 -0.906920
 -0.160438 0.651213 0.143572 0.727713 19.205727 6.083629 -0.792618
 -0.165078 0.645762 0.145813 0.731080 18.914075 6.092624 -0.681123
 -0.169874 0.640133 0.148054 0.734473 18.621483 6.099886 -0.573237
 -0.174821 0.634341 0.150291 0.737876 18.327740 6.105029 -0.469761
 -0.179919 0.628401 0.152525 0.741266 18.032640 6.107668 -0.371498
 -0.185167 0.622333 0.154757 0.744623 17.735972 6.107417 -0.279249
 -0.190565 0.616154 0.156991 0.747925 17.437527 6.103891 -0.193816
 -0.196114 0.609884 0.159232 0.751149 17.137097 6.096706 -0.116002
 -0.201818 0.603546 0.161489 0.754269 16.834472 6.085475 -0.046607
 -0.207681 0.597162 0.163774 0.757260 16.529444 6.069813 0.013564
 -0.213712 0.590759 0.166101 0.760092 16.221804 6.049336 0.063713
 -0.219922 0.584362 0.168491 0.762735 15.911342 6.023657 0.103036
 -0.226325 0.578001 0.170967 0.765154 15.597849 5.992392 0.130731
 -0.232940 0.571709 0.173560 0.767309 15.281117 5.955156 0.145997
 -0.239791 0.565521 0.176306 0.769156 14.960936 5.911562 0.148031
 -0.246909 0.559477 0.179252 0.770642 14.637098 5.861227 0.136031
 -0.254329 0.553622 0.182456 0.771704 14.309394 5.803764 0.109196
 -0.261935 0.548114 0.185908 0.772268 13.977614 5.738788 0.066724
 -0.268461 0.544762 0.189560 0.771510 13.635973 5.655394 -0.012064
 -0.273174 0.545797 0.194143 0.767977 13.275486 5.536649 -0.159341
 -0.275995 0.551411 0.199860 0.761464 12.898356 5.386744 -0.367450
 -0.276724 0.561796 0.206818 0.751687 12.507021 5.210311 -0.627898
 -0.275019 0.577161 0.215008 0.738254 12.103921 5.011983 -0.932192
 -0.270397 0.597667 0.224240 0.720690 11.691495 4.796394 -1.271839
 -0.262278 0.623323 0.234051 0.698496 11.272181 4.568177 -1.638347
 -0.250099 0.653838 0.243605 0.671268 10.848418 4.331965 -2.023221
 -0.233528 0.688455 0.251649 0.638878 10.422644 4.092391 -2.417968
 -0.212736 0.725846 0.256633 0.601689 9.997300 3.854090 -2.814096
 -0.188627 0.764162 0.257074 0.560702 9.574823 3.621693 -3.203112
 -0.162826 0.801310 0.252115 0.517519 9.157652 3.399835 -3.576521
 -0.137334 0.835363 0.241997 0.474071 8.748227 3.193148 -3.925832
 -0.114001 0.864948 0.228132 0.432229 8.348985 3.006265 -4.242551
 -0.094112 0.889412 0.212720 0.393494 7.962366 2.843821 -4.518184
 -0.078268 0.908741 0.198202 0.358856 7.590809 2.710448 -4.744239
 -0.065551 0.924531 0.185763 0.326246 7.225076 2.602215 -4.929334
 -0.054004 0.939177 0.174342 0.290917 6.847290 2.505467 -5.100692
 -0.043472 0.952584 0.163918 0.252632 6.461503 2.419996 -5.258026
 -0.033855 0.964528 0.154516 0.211336 6.072241 2.345914 -5.400399
 -0.025056 0.974724 0.146172 0.167087 5.684032 2.283335 -5.526873
 -0.016977 0.982845 0.138933 0.120098 5.301402 2.232371 -5.636512
 -0.009508 0.988561 0.132848 0.070757 4.928879 2.193137 -5.728379
 -0.002570 0.991579 0.127929 0.019915 4.570990 2.165746 -5.801535
 -0.003490 -0.991891 -0.123932 0.027930 4.232263 2.150311 -5.855045
 -0.008692 -0.990053 -0.121119 0.071052 3.917224 2.146945 -5.887970
 -0.013259 -0.986683 -0.119822 0.109186 3.630401 2.155761 -5.899375
 -0.017435 -0.982321 -0.120303 0.142362 3.376320 2.176873 -5.888322
 -0.021452 -0.977397 -0.122792 0.170751 3.159509 2.210394 -5.853873
 -0.025523 -0.972227 -0.127539 0.194564 2.984496 2.256437 -5.795092
 -0.029842 -0.967016 -0.134832 0.214030 2.855139 2.315012 -5.711299
 -0.034662 -0.961396 -0.143507 0.232209 2.744249 2.381369 -5.613721
 -0.040102 -0.955083 -0.152749 0.250747 2.635736 2.452687 -5.509011
 -0.046210 -0.948028 -0.162466 0.269648 2.529686 2.528695 -5.397521
 -0.053024 -0.940183 -0.172552 0.288911 2.426182 2.609120 -5.279601
 -0.060574 -0.931502 -0.182889 0.308522 2.325312 2.693692 -5.155604
 -0.068881 -0.921948 -0.193340 0.328460 2.227161 2.782139 -5.025881
 -0.077949 -0.911492 -0.203761 0.348691 2.131815 2.874191 -4.890784
 -0.087767 -0.900119 -0.213995 0.369172 2.039358 2.969575 -4.750664
 -0.098309 -0.887822 -0.223883 0.389850 1.949877 3.068020 -4.605872
 -0.109525 -0.874613 -0.233263 0.410662 1.863456 3.169255 -4.456761
 -0.121351 -0.860518 -0.241983 0.431537 1.780182 3.273008 -4.303681
 -0.133700 -0.845582 -0.249901 0.452398 1.700140 3.379010 -4.146984
 -0.146473 -0.829861 -0.256895 0.473160 1.623416 3.486987 -3.987021
 -0.159555 -0.813429 -0.262866 0.493737 1.550095 3.596668 -3.824145
 -0.172765 -0.796302 -0.267500 0.514292 1.480262 3.707783 -3.658706
 -0.185847 -0.778577 -0.270521 0.534878 1.414003 3.820060 -3.491056
 -0.198569 -0.760467 -0.271963 0.555243 1.351405 3.933228 -3.321547
 -0.210724 -0.742194 -0.271925 0.575150 1.292551 4.047014 -3.150530
 -0.222136 -0.723977 -0.270563 0.594397 1.237528 4.161149 -2.978356
 -0.232677 -0.706018 -0.268065 0.612813 1.186422 4.275361 -2.805378
 -0.242260 -0.688497 -0.264640 0.630274 1.139317 4.389377 -2.631945
 -0.250849 -0.671566 -0.260497 0.646695 1.096300 4.502928 -2.458411
 -0.258444 -0.655341 -0.255833 0.662029 1.057455 4.615742 -2.285127
 -0.265077 -0.639910 -0.250827 0.676264 1.022869 4.727546 -2.112443
 -0.270805 -0.625328 -0.245631 0.689415 0.992627 4.838071 -1.940712
 -0.275699 -0.611624 -0.240371 0.701517 0.966815 4.947045 -1.770285
 -0.279839 -0.598808 -0.235147 0.712618 0.945517 5.054195 -1.601514
 -0.283307 -0.586868 -0.230035 0.722776 0.928820 5.159252 -1.434749
 -0.286184 -0.575784 -0.225093 0.732054 0.916809 5.261943 -1.270343
 -0.288546 -0.565525 -0.220360 0.740515 0.909570 5.361998 -1.108648
 -0.290465 -0.556052 -0.215863 0.748223 0.907188 5.459145 -0.950013
 -0.292005 -0.547326 -0.211618 0.755237 0.909749 5.553112 -0.794792
 -0.293225 -0.539304 -0.207634 0.761615 0.917338 5.643629 -0.643335
 -0.294173 -0.531945 -0.203912 0.767408 0.930041 5.730424 -0.495994
 -0.294896 -0.525208 -0.200451 0.772664 0.947943 5.813225 -0.353121
 -0.295432 -0.519054 -0.197247 0.777428 0.971129 5.891762 -0.215066
 -0.295815 -0.513447 -0.194291 0.781739 0.999687 5.965763 -0.082182
 -0.296072 -0.508352 -0.191577 0.785631 1.033700 6.034956 0.045179
 -0.296231 -0.503740 -0.189097 0.789135 1.073254 6.099071 0.166667
 -0.296311 -0.499581 -0.186843 0.792279 1.118436 6.157836 0.281930
 -0.296332 -0.495852 -0.184806 0.795087 1.169330 6.210979 0.390617
 -0.296421 -0.492396 -0.182991 0.797617 1.229254 6.258088 0.492671
 -0.297223 -0.488414 -0.181433 0.800119 1.316811 6.298262 0.589685
 -0.298780 -0.483799 -0.180092 0.802642 1.433084 6.331665 0.682048
 -0.301033 -0.478565 -0.178917 0.805197 1.575824 6.358629 0.769874
 -0.303935 -0.472719 -0.177863 0.807789 1.742786 6.379485 0.853275
 -0.307447 -0.466260 -0.176883 0.810425 1.931722 6.394566 0.932367
 -0.311536 -0.459184 -0.175933 0.813106 2.140385 6.404202 1.007262
 -0.316174 -0.451479 -0.174969 0.815834 2.366528 6.408725 1.078074
 -0.321334 -0.443134 -0.173947 0.818607 2.607904 6.408466 1.144917
 -0.326989 -0.434138 -0.172820 0.821422 2.862266 6.403758 1.207904
 -0.333108 -0.424479 -0.171542 0.824274 3.127367 6.394932 1.267149
 -0.339662 -0.414150 -0.170066 0.827155 3.400959 6.382319 1.322765
 -0.346613 -0.403147 -0.168346 0.830054 3.680797 6.366251 1.374866
 -0.353919 -0.391477 -0.166336 0.832957 3.964632 6.347059 1.423566
 -0.361531 -0.379154 -0.163996 0.835848 4.250218 6.325075 1.468978
 -0.369392 -0.366208 -0.161289 0.838705 4.535308 6.300631 1.511215
 -0.377438 -0.352686 -0.158189 0.841503 4.817654 6.274058 1.550392
 -0.385595 -0.338657 -0.154681 0.844216 5.095010 6.245688 1.586622
 -0.393786 -0.324214 -0.150767 0.846809 5.365128 6.215852 1.620018
 -0.401927 -0.309481 -0.146469 0.849248 5.625762 6.184881 1.650695
 -0.411978 -0.295774 -0.143382 0.849842 5.874665 6.153108 1.678765
 -0.430018 -0.285294 -0.145334 0.844137 6.109589 6.120863 1.704342
 -0.455186 -0.274903 -0.150131 0.833482 6.328287 6.088479 1.727540
 -0.485619 -0.260332 -0.154146 0.820146 6.528513 6.056288 1.748473
 -0.518868 -0.235005 -0.150922 0.807941 6.708019 6.024619 1.767253
 -0.551025 -0.188992 -0.129789 0.802376 6.864558 5.993806 1.783996
 -0.572910 -0.114523 -0.081252 0.807499 6.995883 5.964179 1.798813
 -0.577637 -0.028878 -0.020454 0.815525 7.099748 5.936070 1.811820
 -0.570235 0.048398 0.033683 0.819362 7.173905 5.909811 1.823128
 -0.554954 0.111704 0.075517 0.820880 7.216107 5.885734 1.832853
 -0.536334 0.160310 0.104597 0.822012 7.224107 5.864169 1.841107
 -0.517475 0.196022 0.123134 0.823791 7.195658 5.845449 1.848004
 -0.500059 0.221158 0.133805 0.826514 7.128513 5.829904 1.853659
 -0.484771 0.238024 0.139009 0.830070 7.022266 5.816622 1.857065
 -0.471491 0.249214 0.140871 0.834112 6.882424 5.801813 1.854815
 -0.460070 0.256018 0.140475 0.838484 6.710961 5.785345 1.846976
 -0.450325 0.259308 0.138508 0.843078 6.509459 5.767394 1.833899
 -0.442061 0.259722 0.135422 0.847812 6.279501 5.748134 1.815937
 -0.435089 0.257731 0.131518 0.852628 6.022672 5.727743 1.793440
 -0.429236 0.253691 0.126993 0.857478 5.740553 5.706394 1.766760
 -0.424342 0.247877 0.121977 0.862328 5.434729 5.684264 1.736250
 -0.420265 0.240499 0.116558 0.867150 5.106782 5.661529 1.702259
 -0.416876 0.231724 0.110790 0.871919 4.758295 5.638364 1.665140
 -0.414056 0.221684 0.104709 0.876612 4.390852 5.614944 1.625245
 -0.411701 0.210484 0.098338 0.881208 4.006036 5.591446 1.582925
 -0.409712 0.198207 0.091689 0.885687 3.605430 5.568044 1.538532
 -0.408000 0.184921 0.084770 0.890030 3.190617 5.544915 1.492416
 -0.406482 0.170678 0.077584 0.894215 2.763180 5.522234 1.444930
 -0.405079 0.155517 0.070134 0.898223 2.324703 5.500177 1.396426
 -0.403717 0.139467 0.062420 0.902033 1.876769 5.478919 1.347254
 -0.402326 0.122544 0.054440 0.905622 1.420961 5.458636 1.297767
 -0.400835 0.104756 0.046195 0.908967 0.958861 5.439504 1.248315
 -0.399177 0.086097 0.037682 0.912044 0.492055 5.421698 1.199251
 -0.397281 0.066549 0.028900 0.914824 0.022123 5.405393 1.150926
 -0.395075 0.046081 0.019847 0.917277 -0.449349 5.390766 1.103692
 -0.392481 0.024647 0.010522 0.919369 -0.920780 5.377991 1.057900
 -0.389247 0.002187 0.000924 0.921130 -1.390585 5.367246 1.013902
 -0.383129 -0.021215 -0.008802 0.923409 -1.857183 5.358704 0.972048
 -0.373389 -0.045338 -0.018274 0.926385 -2.318990 5.352542 0.932692
 -0.359962 -0.069928 -0.027067 0.929948 -2.774421 5.348936 0.896184
 -0.342824 -0.094696 -0.034759 0.933967 -3.221895 5.348060 0.862876
 -0.322032 -0.119326 -0.040954 0.938284 -3.659829 5.350091 0.833120
 -0.297777 -0.143485 -0.045323 0.942701 -4.086638 5.355204 0.807267
 -0.270415 -0.166827 -0.047638 0.946981 -4.500740 5.363575 0.785668
 -0.240504 -0.189005 -0.047805 0.950867 -4.900551 5.375380 0.768675
 -0.208809 -0.209683 -0.045889 0.954109 -5.284489 5.390793 0.756640
 -0.176605 -0.228728 -0.042235 0.956404 -5.654519 5.415482 0.753025
 -0.147107 -0.246605 -0.037902 0.957135 -6.028192 5.479717 0.775641
 -0.121788 -0.262662 -0.033441 0.956586 -6.401959 5.581889 0.824893
 -0.101238 -0.276320 -0.029284 0.955269 -6.768478 5.714581 0.897940
 -0.085545 -0.287244 -0.025766 0.953681 -7.120410 5.870374 0.991945
 -0.074466 -0.295269 -0.023090 0.952227 -7.450415 6.041853 1.104067
 -0.067584 -0.300325 -0.021338 0.951200 -7.751152 6.221600 1.231467
 -0.064442 -0.302380 -0.020494 0.950785 -8.015282 6.402197 1.371307
 -0.064614 -0.301390 -0.020475 0.951088 -8.235465 6.576228 1.520746
 -0.068103 -0.298304 -0.021344 0.951798 -8.422976 6.743115 1.680203
 -0.074817 -0.295930 -0.023257 0.951990 -8.632406 6.920383 1.857667
 -0.082709 -0.293680 -0.025515 0.951976 -8.864103 7.108090 2.051624
 -0.091425 -0.291462 -0.027996 0.951791 -9.113817 7.304690 2.259758
 -0.100692 -0.289205 -0.030606 0.951464 -9.377299 7.508638 2.479751
 -0.110286 -0.286846 -0.033264 0.951025 -9.650297 7.718389 2.709287
 -0.120029 -0.284328 -0.035904 0.950505 -9.928563 7.932399 2.946047
 -0.129786 -0.281600 -0.038474 0.949934 -10.207847 8.149123 3.187716
 -0.139462 -0.278614 -0.040929 0.949341 -10.483899 8.367015 3.431975
 -0.148989 -0.275324 -0.043236 0.948751 -10.752470 8.584531 3.676508
 -0.158329 -0.271685 -0.045366 0.948187 -11.009308 8.800126 3.918997
 -0.167462 -0.267651 -0.047296 0.947671 -11.250166 9.012254 4.157125
 -0.176384 -0.263172 -0.049006 0.947220 -11.470792 9.219372 4.388575
 -0.185105 -0.258193 -0.050475 0.946849 -11.666938 9.419934 4.611030
 -0.193641 -0.252651 -0.051685 0.946572 -11.834353 9.612395 4.822173
 -0.202019 -0.246476 -0.052613 0.946398 -11.968788 9.795210 5.019686
 -0.210266 -0.239584 -0.053233 0.946336 -12.065993 9.966835 5.201252
 -0.218415 -0.231877 -0.053514 0.946395 -12.121718 10.125724 5.364554
 -0.226498 -0.223237 -0.053416 0.946578 -12.131713 10.270332 5.507276
 -0.234549 -0.213525 -0.052891 0.946887 -12.091729 10.399115 5.627098
 -0.242599 -0.202571 -0.051876 0.947322 -11.997516 10.510528 5.721706
 -0.250670 -0.190169 -0.050291 0.947876 -11.844823 10.603025 5.788780
 -0.258779 -0.176069 -0.048035 0.948538 -11.629402 10.675062 5.826005
 -0.266922 -0.159965 -0.044979 0.949283 -11.347003 10.725095 5.831062
 -0.274933 -0.142358 -0.041200 0.949972 -11.015093 10.759395 5.812596
 -0.282498 -0.124740 -0.037078 0.950399 -10.671894 10.791669 5.789797
 -0.289554 -0.107263 -0.032673 0.950570 -10.318493 10.822221 5.763162
 -0.296055 -0.090047 -0.028047 0.950502 -9.955128 10.851049 5.732765
 -0.301968 -0.073217 -0.023267 0.950217 -9.582034 10.878151 5.698677
 -0.307273 -0.056894 -0.018407 0.949740 -9.199451 10.903526 5.660971
 -0.311961 -0.041197 -0.013541 0.949104 -8.807616 10.927172 5.619717
 -0.316037 -0.026242 -0.008745 0.948343 -8.406765 10.949089 5.574989
 -0.319515 -0.012137 -0.004093 0.947494 -7.997137 10.969273 5.526858
 -0.322416 0.001010 0.000344 0.946597 -7.578968 10.987725 5.475396
 -0.324747 0.013145 0.004514 0.945698 -7.152497 11.004441 5.420675
 -0.326493 0.024353 0.008415 0.944848 -6.717961 11.019421 5.362767
 -0.327711 0.034658 0.012030 0.944065 -6.275598 11.032664 5.301744
 -0.328460 0.044086 0.015350 0.943363 -5.825644 11.044167 5.237678
 -0.328793 0.052672 0.018369 0.942752 -5.368338 11.053929 5.170641
 -0.328761 0.060456 0.021094 0.942239 -4.903916 11.061948 5.100705
 -0.328408 0.067483 0.023530 0.941828 -4.432617 11.068223 5.027942
 -0.327774 0.073803 0.025693 0.941518 -3.954678 11.072753 4.952423
 -0.326895 0.079467 0.027597 0.941308 -3.470336 11.075535 4.874222
 -0.325803 0.084532 0.029261 0.941196 -2.979829 11.076569 4.793409
 -0.324525 0.089051 0.030705 0.941175 -2.483394 11.075853 4.710057
 -0.323086 0.093082 0.031951 0.941238 -1.981268 11.073384 4.624238
 -0.321509 0.096681 0.033019 0.941378 -1.473690 11.069163 4.536023
 -0.319814 0.099908 0.033934 0.941586 -0.960897 11.063186 4.445485
 -0.318020 0.102819 0.034717 0.941852 -0.443126 11.055453 4.352695
 -0.316144 0.105473 0.035391 0.942165 0.079384 11.045962 4.257726
 -0.314202 0.107926 0.035979 0.942514 0.606399 11.034711 4.160650
 -0.312209 0.110239 0.036502 0.942889 1.137678 11.021700 4.061538
 -0.310181 0.112467 0.036983 0.943276 1.672986 11.006925 3.960463
 -0.308130 0.114671 0.037443 0.943665 2.212083 10.990386 3.857496
 -0.306072 0.116907 0.037903 0.944042 2.754734 10.972082 3.752710
 -0.304019 0.119234 0.038384 0.944394 3.300700 10.952010 3.646175
 -0.301985 0.121712 0.038906 0.944709 3.849744 10.930170 3.537966
 -0.299982 0.124400 0.039491 0.944973 4.401629 10.906559 3.428152
 -0.298022 0.127358 0.040157 0.945171 4.956116 10.881176 3.316807
 -0.296116 0.130647 0.040925 0.945288 5.512969 10.854020 3.204002
 -0.294275 0.134328 0.041816 0.945309 6.071950 10.825089 3.089809
 -0.292507 0.138463 0.042849 0.945214 6.632821 10.794381 2.974300
 -0.290819 0.143117 0.044044 0.944987 7.195346 10.761895 2.857548
 -0.289217 0.148353 0.045422 0.944606 7.759286 10.727629 2.739624
 -0.287703 0.154236 0.047004 0.944048 8.324404 10.691582 2.620599
 -0.286277 0.160832 0.048810 0.943289 8.890462 10.653752 2.500547
 -0.284932 0.168206 0.050862 0.942301 9.457224 10.614138 2.379539
 -0.283661 0.176423 0.053179 0.941053 10.024451 10.572738 2.257647
 -0.282449 0.185547 0.055782 0.939511 10.591907 10.529551 2.134942
 -0.281274 0.195639 0.058688 0.937638 11.159353 10.484574 2.011498
 -0.280109 0.206755 0.061914 0.935391 11.726552 10.437807 1.887385
 -0.278920 0.218946 0.065473 0.932726 12.293267 10.389249 1.762677
 -0.277661 0.232252 0.069371 0.929596 12.859260 10.338896 1.637444
 -0.276284 0.246704 0.073611 0.925950 13.424294 10.286748 1.511758
 -0.274730 0.262314 0.078184 0.921738 13.988131 10.232804 1.385693
 -0.273173 0.279609 0.083327 0.916652 14.550534 10.177061 1.259319
 -0.274107 0.304901 0.092102 0.907423 15.111265 10.119519 1.132709
 -0.276536 0.338337 0.104731 0.893357 15.670086 10.060175 1.005935
 -0.278357 0.377382 0.120049 0.875035 16.226761 9.999029 0.879068
 -0.277957 0.419150 0.136508 0.853473 16.781052 9.936077 0.752181
 -0.274586 0.460750 0.152408 0.830110 17.332721 9.871320 0.625345
 -0.268386 0.499743 0.166287 0.806581 17.881531 9.804756 0.498633
 -0.260094 0.534463 0.177218 0.784406 18.427245 9.736382 0.372116
 -0.250613 0.564061 0.184843 0.764761 18.969624 9.666198 0.245867
 -0.240715 0.588316 0.189220 0.748421 19.508432 9.594201 0.119957
 -0.218352 0.618098 0.184291 0.732333 20.319120 9.167034 -0.227817
 -0.166345 0.664911 0.155481 0.711369 21.820725 7.752770 -1.180076
 -0.123113 0.696865 0.123317 0.695711 23.071294 6.358015 -2.072122
