Camera Position -2.252613 -0.339568 -2.912686
Camera Orientation -1.690348 -0.701654 -2.169213
Position 0.389264 -1.750648 -0.454695  Orientation 0.986023 0.577258 0.439253 1.428850  Scale 0.228251  Color 0.847853 0.847853 0.847853 1.000000
Position 0.038362 -1.616764 0.692190  Orientation 0.598682 -0.082736 0.005463 1.372954  Scale 0.229923  Color 0.542192 0.542192 0.542192 1.000000
Position 0.219520 -2.448942 -0.442122  Orientation 0.013642 0.826533 0.683401 2.833155  Scale 0.171108  Color 0.380923 0.380923 0.380923 1.000000
Position 0.186316 -2.489410 0.380169  Orientation 0.186621 -0.778375 -0.773858 1.705358  Scale 0.183084  Color 0.584982 0.584982 0.584982 1.000000
Position -0.933714 -1.797678 0.229408  Orientation 0.097018 0.645253 0.918455 1.390403  Scale 0.150783  Color 0.545717 0.545717 0.545717 1.000000
Position 0.413739 -1.595035 -0.621204  Orientation 0.189306 0.550157 0.532273 2.797776  Scale 0.267278  Color 0.753386 0.753386 0.753386 1.000000
Position 0.332743 -1.554903 -0.904965  Orientation -0.817377 0.639149 0.538194 1.578609  Scale 0.216849  Color 0.863598 0.863598 0.863598 1.000000
Position -0.309183 -1.821818 0.056001  Orientation -0.634266 -0.523728 0.082064 0.391656  Scale 0.123377  Color 0.816535 0.816535 0.816535 1.000000
Position 0.688467 -2.152486 0.559130  Orientation 0.278603 0.097934 -0.637501 0.852439  Scale 0.266088  Color 0.370177 0.370177 0.370177 1.000000
Position 0.166051 -1.548280 -0.141636  Orientation 0.157506 0.700613 -0.126621 0.846783  Scale 0.268529  Color 0.292715 0.292715 0.292715 1.000000
Position 0.881771 -1.606052 -0.537950  Orientation -0.880184 -0.400555 -0.728324 1.439875  Scale 0.100006  Color 0.262487 0.262487 0.262487 1.000000
Position 0.550951 -2.008438 0.754875  Orientation 0.158422 -0.165929 -0.275369 2.697777  Scale 0.208988  Color 0.548216 0.548216 0.548216 1.000000
Position -0.182043 -2.084399 0.942198  Orientation -0.317423 -0.898984 0.866329 0.559536  Scale 0.233769  Color 0.341017 0.341017 0.341017 1.000000
Position 0.347758 -2.119922 -0.572924  Orientation 0.084689 -0.630909 -0.035981 2.220407  Scale 0.284356  Color 0.464388 0.464388 0.464388 1.000000
Position 0.245033 -2.110584 0.738945  Orientation -0.884335 -0.170263 -0.785455 2.223763  Scale 0.236296  Color 0.833048 0.833048 0.833048 1.000000
Position 0.664724 -2.316584 -0.600024  Orientation -0.440291 -0.766900 -0.470992 3.005445  Scale 0.298511  Color 0.664922 0.664922 0.664922 1.000000
Position -0.984863 -2.141041 -0.064486  Orientation 0.596606 -0.698721 0.411237 2.861726  Scale 0.299274  Color 0.347810 0.347810 0.347810 1.000000
Position 0.600452 -1.798776 0.887997  Orientation 0.329020 0.885922 -0.678091 0.558769  Scale 0.102734  Color 0.742961 0.742961 0.742961 1.000000
Position -0.197913 -2.084674 0.016205  Orientation 0.343486 0.225623 0.861568 2.383206  Scale 0.215586  Color 0.841530 0.841530 0.841530 1.000000
Position -0.423200 -1.847942 -0.377850  Orientation -0.521104 0.270425 -0.781610 0.627704  Scale 0.209104  Color 0.742042 0.742042 0.742042 1.000000
