380
233
0 1 18
1 2 18
18 2 19
2 3 19
3 4 19
19 4 20
4 5 20
5 6 20
20 6 21
6 7 21
7 8 21
21 8 22
8 9 22
9 10 22
22 10 23
10 11 23
11 12 23
12 13 24
13 213 24
24 213 25
213 14 25
14 15 25
25 15 26
15 16 26
16 17 27
28 18 29
18 19 29
29 19 30
30 19 31
19 20 31
31 20 32
32 20 33
20 21 33
33 21 34
34 21 35
21 22 35
35 22 36
36 22 37
22 23 37
37 23 38
38 23 39
23 12 39
39 12 40
12 24 40
40 24 41
41 24 42
24 25 42
42 25 43
43 25 44
25 26 44
44 26 45
45 26 46
26 16 46
46 16 47
16 27 47
28 29 48
48 29 50
29 30 50
50 30 51
30 31 51
51 31 52
31 32 52
52 32 53
32 33 53
53 33 54
33 34 54
54 34 55
34 35 55
55 35 56
35 36 56
56 36 57
36 37 57
57 37 58
37 38 58
58 38 59
38 39 59
59 39 60
39 40 60
60 40 61
40 41 61
61 41 62
41 42 62
62 42 63
42 43 63
63 43 64
43 44 64
64 44 65
44 45 65
65 45 66
45 46 66
66 46 67
46 47 67
67 47 68
47 49 68
48 50 69
50 51 69
69 51 70
51 52 70
70 52 71
52 53 71
71 53 72
53 54 72
72 54 73
54 55 73
73 55 74
55 56 74
74 56 75
56 57 75
75 57 76
57 58 76
76 58 77
58 59 77
77 59 78
59 60 78
78 60 79
60 61 79
79 61 80
61 62 80
80 62 81
62 63 81
81 63 82
63 64 82
82 64 83
64 65 83
83 65 84
65 66 84
84 66 85
66 67 85
85 67 86
67 68 86
86 68 87
68 49 87
48 69 88
87 49 89
88 69 90
69 70 90
90 70 91
70 71 91
91 71 92
71 72 92
92 72 93
72 73 93
93 73 94
73 74 94
94 74 95
74 75 95
95 75 96
75 76 96
96 76 97
76 77 97
97 77 98
77 78 98
98 78 99
78 79 99
99 79 100
79 80 100
100 80 101
80 81 101
101 81 102
81 82 102
102 82 103
82 83 103
103 83 104
83 84 104
104 84 105
84 85 105
105 85 106
85 86 106
106 86 107
86 87 107
107 87 108
87 89 108
88 90 109
109 90 110
90 91 110
110 91 111
91 92 111
111 92 112
92 93 112
112 93 113
93 94 113
113 94 114
94 95 114
114 95 115
95 96 115
115 96 116
96 97 116
116 97 117
97 98 117
117 98 118
98 99 118
118 99 119
99 100 119
119 100 120
100 101 120
120 101 121
101 102 121
121 102 122
102 103 122
122 103 123
103 104 123
123 104 124
104 105 124
124 105 125
105 106 125
125 106 126
106 107 126
126 107 127
107 108 127
127 108 128
108 89 128
128 89 129
109 110 130
110 111 130
130 111 131
111 112 131
131 112 132
112 113 132
132 113 133
113 114 133
133 114 134
114 115 134
134 115 135
115 116 135
135 116 136
116 117 136
136 117 137
117 118 137
137 118 138
118 119 138
138 119 139
119 120 139
139 120 140
120 121 140
140 121 141
121 122 141
141 122 142
122 123 142
142 123 143
123 124 143
143 124 144
124 125 144
144 125 145
125 126 145
145 126 146
126 127 146
146 127 147
127 128 147
147 128 148
128 129 148
109 130 149
149 130 150
130 131 150
150 131 151
131 132 151
151 132 152
132 133 152
152 133 153
133 134 153
153 134 154
134 135 154
154 135 155
135 136 155
155 136 156
136 137 156
156 137 157
137 138 157
157 138 158
138 139 158
158 139 159
139 140 159
159 140 160
140 141 160
160 141 161
141 142 161
161 142 162
142 143 162
162 143 163
143 144 163
163 144 164
144 145 164
164 145 165
145 146 165
165 146 166
146 147 166
166 147 167
147 148 167
167 148 168
148 129 168
168 129 169
149 150 170
170 150 171
150 151 171
151 152 171
171 152 172
152 153 172
153 154 172
172 154 173
154 155 173
155 156 173
173 156 174
156 157 174
157 158 174
174 158 175
158 159 175
159 160 175
175 160 176
160 161 176
161 162 176
176 162 177
162 163 177
163 164 177
177 164 178
164 165 178
165 166 178
178 166 179
166 167 179
167 168 179
179 168 180
168 169 180
170 171 181
181 171 182
182 171 183
171 172 183
183 172 184
184 172 185
172 173 185
185 173 186
186 173 187
173 174 187
187 174 188
188 174 189
174 175 189
189 175 190
190 175 191
175 176 191
191 176 192
192 176 193
176 177 193
193 177 194
194 177 195
177 178 195
195 178 196
178 179 196
196 179 197
179 180 197
197 180 198
198 180 199
1 0 200
2 1 201
3 2 202
4 3 203
5 4 204
6 5 205
7 6 206
8 7 207
9 8 208
10 9 209
11 10 210
12 11 211
13 12 212
15 14 214
16 15 215
17 16 216
181 182 217
182 183 218
183 184 219
184 185 220
185 186 221
186 187 222
187 188 223
188 189 224
189 190 225
190 191 226
191 192 227
192 193 228
193 194 229
194 195 230
195 196 231
198 199 232
2.65397 -6.01942 22.7644 0.161394 -0.986703 -0.0192093 0.905862 -0.614791 1 0 0 0 
2.62209 -6.01942 22.7019 0.113299 -0.990064 -0.0832803 0.90784 -0.614791 1 1 1 1 
2.57245 -6.01942 22.6522 0.103024 -0.986617 -0.126381 0.909818 -0.614791 1 1 1 1 
2.50989 -6.01942 22.6204 0.0416664 -0.990494 -0.131093 0.911796 -0.614791 1 1 1 1 
2.44055 -6.01942 22.6094 0.00899771 -0.986864 -0.1613 0.913774 -0.614791 1 1 1 1 
2.37121 -6.01942 22.6204 -0.0431384 -0.990618 -0.12967 0.915752 -0.614791 1 1 1 1 
2.30865 -6.01942 22.6522 -0.0875762 -0.986865 -0.13575 0.91773 -0.614791 1 1 1 1 
2.25901 -6.01942 22.7019 -0.111888 -0.990494 -0.0800174 0.919708 -0.614791 1 1 1 1 
2.22713 -6.01942 22.7644 -0.15209 -0.986619 -0.0587453 0.921686 -0.614791 1 1 1 1 
2.21615 -6.01942 22.8338 -0.140612 -0.990064 0.00113406 0.923664 -0.614791 1 1 1 1 
2.22713 -6.01942 22.9031 -0.160947 -0.986022 0.04308 0.925642 -0.614791 1 1 1 1 
2.25901 -6.01942 22.9657 -0.115411 -0.986097 0.119552 0.92762 -0.614791 1 1 1 1 
2.24433 -5.99315 23.1038 -0.169239 -0.963653 0.206716 0.929599 -0.61578 1 1 1 1 
2.40588 -6.01942 23.0527 0.0254681 -0.986278 0.163117 0.932566 -0.614791 1 1 1 1 
2.57245 -6.01942 23.0153 0.0472958 -0.984447 0.169194 0.937511 -0.614791 1 1 1 1 
2.63803 -6.01942 22.9344 0.14659 -0.987768 0.0531566 0.940478 -0.614791 1 1 1 1 
2.77439 -5.99315 22.8338 0.262218 -0.964979 -0.00750262 0.943445 -0.61578 1 1 1 1 
2.65397 -6.01942 22.7644 0.161394 -0.986703 -0.0192093 0.945423 -0.614791 1 0 0 0 
2.83065 -5.96688 22.635 0.268162 -0.952771 -0.142537 0.906851 -0.616769 1 1 1 1 
2.63931 -5.96688 22.4437 0.149054 -0.948435 -0.279739 0.910807 -0.616769 1 1 1 1 
2.37206 -5.96688 22.4013 -0.0438393 -0.948435 -0.313925 0.914763 -0.616769 1 1 1 1 
2.13097 -5.96688 22.5242 -0.219987 -0.948435 -0.228202 0.918719 -0.616769 1 1 1 1 
2.00813 -5.96688 22.7653 -0.312108 -0.948435 -0.0553145 0.922675 -0.616769 1 1 1 1 
2.05046 -5.96688 23.0325 -0.294935 -0.946029 0.134322 0.926631 -0.616769 1 1 1 1 
2.37206 -5.96688 23.2662 -0.0168429 -0.949638 0.312896 0.932566 -0.616769 1 1 1 1 
2.63931 -5.96688 23.2239 0.110725 -0.95214 0.284904 0.936522 -0.616769 1 1 1 1 
2.83065 -5.96688 23.0325 0.290352 -0.942153 0.167463 0.940478 -0.616769 1 1 1 1 
2.83065 -5.96688 22.635 0.268162 -0.952771 -0.142537 0.945423 -0.616769 1 1 1 1 
3.13098 -5.85195 22.7357 0.525608 -0.849445 -0.046685 0.905862 -0.618747 1 1 1 1 
3.05964 -5.82316 22.3903 0.439097 -0.853029 -0.282018 0.90784 -0.619736 1 1 1 1 
2.89231 -5.82316 22.2207 0.346676 -0.829699 -0.437511 0.909818 -0.619736 1 1 1 1 
2.68076 -5.82316 22.1111 0.173793 -0.847342 -0.501804 0.911796 -0.619736 1 1 1 1 
2.4457 -5.82316 22.0723 0.0233041 -0.829699 -0.557725 0.913774 -0.619736 1 1 1 1 
2.21013 -5.82316 22.108 -0.154351 -0.847342 -0.508121 0.915752 -0.619736 1 1 1 1 
1.99712 -5.82316 22.2147 -0.308969 -0.829699 -0.464907 0.91773 -0.619736 1 1 1 1 
1.82751 -5.82316 22.382 -0.423539 -0.847342 -0.320354 0.919708 -0.619736 1 1 1 1 
1.71792 -5.82316 22.5936 -0.523227 -0.829699 -0.19451 0.921686 -0.619736 1 1 1 1 
1.67906 -5.82316 22.8286 -0.53095 -0.847342 -0.0102214 0.923664 -0.619736 1 1 1 1 
1.71474 -5.82316 23.0642 -0.537629 -0.829699 0.150183 0.925642 -0.619736 1 1 1 1 
1.82146 -5.82316 23.2772 -0.427355 -0.849984 0.30805 0.92762 -0.619736 1 1 1 1 
1.98879 -5.82316 23.4468 -0.319602 -0.853313 0.411959 0.929599 -0.619736 1 1 1 1 
2.20034 -5.82316 23.5564 -0.19451 -0.829699 0.523227 0.931577 -0.619736 1 1 1 1 
2.4354 -5.82316 23.5953 -0.0102215 -0.847342 0.530949 0.933555 -0.619736 1 1 1 1 
2.67097 -5.82316 23.5596 0.150183 -0.829699 0.537629 0.935533 -0.619736 1 1 1 1 
2.88398 -5.82316 23.4529 0.303815 -0.847342 0.435555 0.937511 -0.619736 1 0 0 0 
3.05359 -5.82316 23.2855 0.437511 -0.829699 0.346676 0.939489 -0.619736 1 0 0 0 
3.16318 -5.82316 23.074 0.50733 -0.849692 0.143665 0.941467 -0.619736 1 1 1 1 
3.13098 -5.85195 22.7357 0.525608 -0.849445 -0.046685 0.944434 -0.619241 1 1 1 1 
3.51785 -5.50582 22.4837 0.759808 -0.601394 -0.247016 0.905862 -0.623692 1 1 1 1 
3.51785 -5.50582 22.4837 0.759808 -0.601394 -0.247016 0.945423 -0.623692 1 1 1 1 
3.32988 -5.53255 22.1901 0.582972 -0.669436 -0.460434 0.90784 -0.623692 1 1 1 1 
3.08745 -5.53255 21.9468 0.454217 -0.646314 -0.61316 0.909818 -0.623692 1 1 1 1 
2.78169 -5.53255 21.7903 0.242509 -0.646314 -0.723511 0.911796 -0.623692 1 1 1 1 
2.44254 -5.53255 21.7359 0.00706273 -0.646314 -0.763039 0.913774 -0.623692 1 1 1 1 
2.10319 -5.53255 21.7891 -0.229075 -0.646314 -0.727876 0.915752 -0.623692 1 1 1 1 
1.79687 -5.53255 21.9444 -0.442789 -0.646314 -0.621463 0.91773 -0.623692 1 1 1 1 
1.55356 -5.53255 22.1869 -0.61316 -0.646314 -0.454217 0.919708 -0.623692 1 1 1 1 
1.39707 -5.53255 22.4926 -0.723511 -0.646314 -0.242509 0.921686 -0.623692 1 1 1 1 
1.34272 -5.53255 22.8318 -0.763039 -0.646314 -0.00706297 0.923664 -0.623692 1 1 1 1 
1.39584 -5.53255 23.1711 -0.727876 -0.646314 0.229075 0.925642 -0.623692 1 1 1 1 
1.55122 -5.53255 23.4774 -0.621463 -0.646314 0.442789 0.92762 -0.623692 1 1 1 1 
1.79365 -5.53255 23.7208 -0.454217 -0.646314 0.61316 0.929599 -0.623692 1 1 1 1 
2.09941 -5.53255 23.8773 -0.242509 -0.646314 0.72351 0.931577 -0.623692 1 1 1 1 
2.43856 -5.53255 23.9316 -0.00706289 -0.646314 0.763039 0.933555 -0.623692 1 1 1 1 
2.77791 -5.53255 23.8785 0.229075 -0.646314 0.727876 0.935533 -0.623692 1 1 1 1 
3.08423 -5.53255 23.7231 0.442789 -0.646314 0.621463 0.937511 -0.623692 1 1 1 1 
3.32754 -5.53255 23.4807 0.61316 -0.646314 0.454217 0.939489 -0.623692 1 1 1 1 
3.48403 -5.53255 23.1749 0.722106 -0.654576 0.223815 0.941467 -0.623692 1 1 1 1 
3.53838 -5.53255 22.8358 0.770416 -0.636456 0.0371806 0.943445 -0.623692 1 1 1 1 
3.51729 -5.15064 22.0525 0.747393 -0.395406 -0.533908 0.90784 -0.627648 1 1 1 1 
3.22316 -5.15064 21.758 0.550102 -0.366342 -0.750454 0.909818 -0.627648 1 1 1 1 
2.85242 -5.15064 21.5688 0.291275 -0.366342 -0.883715 0.911796 -0.627648 1 1 1 1 
2.44136 -5.15064 21.5034 0.00393609 -0.366342 -0.930472 0.913774 -0.627648 1 1 1 1 
2.03022 -5.15064 21.5683 -0.283788 -0.366342 -0.886148 0.915752 -0.627648 1 1 1 1 
1.65925 -5.15064 21.757 -0.543733 -0.366342 -0.755081 0.91773 -0.627648 1 1 1 1 
1.36476 -5.15064 22.0512 -0.750454 -0.366342 -0.550102 0.919708 -0.627648 1 1 1 1 
1.17558 -5.15064 22.4219 -0.883715 -0.366342 -0.291275 0.921686 -0.627648 1 1 1 1 
1.11021 -5.15064 22.833 -0.930472 -0.366342 -0.00393622 0.923664 -0.627648 1 1 1 1 
1.17508 -5.15064 23.2441 -0.886148 -0.366342 0.283788 0.925642 -0.627648 1 1 1 1 
1.36381 -5.15064 23.6151 -0.755081 -0.366342 0.543733 0.92762 -0.627648 1 1 1 1 
1.65794 -5.15064 23.9096 -0.550102 -0.366342 0.750454 0.929599 -0.627648 1 1 1 1 
2.02868 -5.15064 24.0987 -0.291275 -0.366342 0.883715 0.931577 -0.627648 1 1 1 1 
2.43974 -5.15064 24.1641 -0.00393611 -0.366342 0.930472 0.933555 -0.627648 1 1 1 1 
2.85088 -5.15064 24.0992 0.283788 -0.366342 0.886148 0.935533 -0.627648 1 1 1 1 
3.22185 -5.15064 23.9105 0.543733 -0.366342 0.755081 0.937511 -0.627648 1 0 0 0 
3.51634 -5.15064 23.6164 0.750454 -0.366342 0.550102 0.939489 -0.627648 1 1 1 1 
3.70552 -5.15064 23.2456 0.883715 -0.366342 0.291275 0.941467 -0.627648 1 1 1 1 
3.77089 -5.15064 22.8346 0.939829 -0.341631 -0.00307591 0.943445 -0.627648 1 1 1 1 
3.8153 -4.71196 22.3871 0.951996 -0.0731533 -0.297241 0.905862 -0.631604 1 1 1 1 
3.8153 -4.71196 22.3871 0.951996 -0.0731533 -0.297241 0.945423 -0.631604 1 1 1 1 
3.608 -4.60263 21.9856 0.817931 0.00318774 -0.575308 0.90784 -0.632099 1 1 1 1 
3.28876 -4.60263 21.6663 0.587785 2.30916e-008 -0.809017 0.909818 -0.633088 1 1 1 1 
2.88648 -4.60263 21.4613 0.309017 -1.02629e-008 -0.951057 0.911796 -0.632099 1 1 1 1 
2.44055 -4.60263 21.3907 -1.35984e-007 -1.15458e-007 -1 0.913774 -0.632099 1 1 1 1 
1.99462 -4.60263 21.4613 -0.309017 -2.05258e-008 -0.951057 0.915752 -0.633088 1 1 1 1 
1.59235 -4.60263 21.6663 -0.587786 9.49319e-008 -0.809017 0.91773 -0.633088 1 1 1 1 
1.2731 -4.60263 21.9856 -0.809017 1.10326e-007 -0.587785 0.919708 -0.632099 1 1 1 1 
1.06813 -4.60263 22.3878 -0.951057 -1.28286e-007 -0.309017 0.921686 -0.633088 1 1 1 1 
0.997499 -4.60263 22.8338 -1 -4.61831e-008 -1.02629e-007 0.923664 -0.633088 1 1 1 1 
1.06813 -4.60263 23.2797 -0.951057 6.41432e-008 0.309017 0.925642 -0.632099 1 1 1 1 
1.2731 -4.60263 23.682 -0.809017 -5.13145e-009 0.587785 0.92762 -0.632099 1 1 1 1 
1.59235 -4.60263 24.0012 -0.587785 -4.10516e-008 0.809017 0.929599 -0.633088 1 1 1 1 
1.99462 -4.60263 24.2062 -0.309017 6.15775e-008 0.951057 0.931577 -0.632099 1 1 1 1 
2.44055 -4.60263 24.2768 2.56573e-008 9.74976e-008 1 0.933555 -0.633088 1 1 1 1 
2.88648 -4.60263 24.2062 0.309017 4.87488e-008 0.951057 0.935533 -0.632099 1 0 0 0 
3.28875 -4.60263 24.0012 0.587785 6.92747e-008 0.809017 0.937511 -0.632099 1 1 1 1 
3.608 -4.60263 23.682 0.809017 1.02629e-008 0.587785 0.939489 -0.633088 1 1 1 1 
3.81297 -4.60263 23.2797 0.951056 -1.12892e-007 0.309017 0.941467 -0.632099 1 1 1 1 
3.8836 -4.60263 22.8338 0.998607 0.0404532 0.0338892 0.943445 -0.633088 1 1 1 1 
3.63264 -3.87532 22.4464 0.825431 0.495915 -0.26969 0.905862 -0.639516 1 1 1 1 
3.51634 -4.05461 22.0512 0.746345 0.33454 -0.575371 0.90784 -0.637538 1 1 1 1 
3.22185 -4.05461 21.757 0.543733 0.366342 -0.755081 0.909818 -0.637538 1 1 1 1 
2.85088 -4.05461 21.5683 0.283788 0.366342 -0.886148 0.911796 -0.637538 1 1 1 1 
2.43974 -4.05461 21.5034 -0.00393639 0.366342 -0.930472 0.913774 -0.637538 1 1 1 1 
2.02868 -4.05461 21.5688 -0.291275 0.366342 -0.883715 0.915752 -0.637538 1 1 1 1 
1.65794 -4.05461 21.758 -0.550102 0.366342 -0.750454 0.91773 -0.637538 1 1 1 1 
1.36381 -4.05461 22.0525 -0.755081 0.366342 -0.543733 0.919708 -0.637538 1 1 1 1 
1.17508 -4.05461 22.4234 -0.886148 0.366342 -0.283788 0.921686 -0.637538 1 1 1 1 
1.11021 -4.05461 22.8346 -0.930472 0.366342 0.00393617 0.923664 -0.637538 1 1 1 1 
1.17558 -4.05461 23.2456 -0.883715 0.366342 0.291275 0.925642 -0.637538 1 1 1 1 
1.36476 -4.05461 23.6164 -0.750454 0.366342 0.550102 0.92762 -0.637538 1 1 1 1 
1.65925 -4.05461 23.9105 -0.543733 0.366342 0.755081 0.929599 -0.637538 1 1 1 1 
2.03023 -4.05461 24.0992 -0.283788 0.366342 0.886148 0.931577 -0.637538 1 1 1 1 
2.44136 -4.05461 24.1641 0.00393622 0.366342 0.930472 0.933555 -0.637538 1 1 1 1 
2.85242 -4.05461 24.0987 0.291275 0.366342 0.883715 0.935533 -0.637538 1 1 1 1 
3.22316 -4.05461 23.9096 0.550102 0.366342 0.750454 0.937511 -0.637538 1 1 1 1 
3.51729 -4.05461 23.6151 0.755081 0.366342 0.543733 0.939489 -0.637538 1 1 1 1 
3.70603 -4.05461 23.2441 0.886148 0.366342 0.283788 0.941467 -0.637538 1 1 1 1 
3.77089 -4.05461 22.833 0.92833 0.371532 -0.0129273 0.943445 -0.637538 1 1 1 1 
3.63264 -3.87532 22.4464 0.825431 0.495915 -0.26969 0.945423 -0.639516 1 1 1 1 
3.32754 -3.6727 22.1869 0.620699 0.638498 -0.455031 0.90784 -0.641494 1 1 1 1 
3.08423 -3.6727 21.9444 0.442789 0.646314 -0.621463 0.909818 -0.641494 1 1 1 1 
2.77791 -3.6727 21.7891 0.229075 0.646314 -0.727876 0.911796 -0.641494 1 1 1 1 
2.43856 -3.6727 21.7359 -0.00706292 0.646314 -0.763039 0.913774 -0.641494 1 1 1 1 
2.09941 -3.6727 21.7903 -0.242509 0.646314 -0.723511 0.915752 -0.641494 1 1 1 1 
1.79365 -3.6727 21.9468 -0.454217 0.646314 -0.61316 0.91773 -0.641494 1 1 1 1 
1.55122 -3.6727 22.1901 -0.621463 0.646314 -0.442789 0.919708 -0.641494 1 1 1 1 
1.39584 -3.6727 22.4964 -0.727876 0.646314 -0.229075 0.921686 -0.641494 1 1 1 1 
1.34272 -3.6727 22.8358 -0.763039 0.646314 0.00706304 0.923664 -0.641494 1 1 1 1 
1.39707 -3.6727 23.1749 -0.723511 0.646314 0.242509 0.925642 -0.641494 1 1 1 1 
1.55356 -3.6727 23.4807 -0.61316 0.646314 0.454217 0.92762 -0.641494 1 1 1 1 
1.79687 -3.6727 23.7231 -0.442789 0.646314 0.621463 0.929599 -0.641494 1 1 1 1 
2.10319 -3.6727 23.8785 -0.229075 0.646314 0.727876 0.931577 -0.641494 1 1 1 1 
2.44254 -3.6727 23.9316 0.00706291 0.646314 0.763039 0.933555 -0.641494 1 0 0 0 
2.78169 -3.6727 23.8773 0.242509 0.646314 0.723511 0.935533 -0.641494 1 1 1 1 
3.08745 -3.6727 23.7208 0.454217 0.646314 0.61316 0.937511 -0.641494 1 1 1 1 
3.32988 -3.6727 23.4774 0.621463 0.646314 0.442789 0.939489 -0.641494 1 1 1 1 
3.48526 -3.6727 23.1711 0.727876 0.646314 0.229075 0.941467 -0.641494 1 1 1 1 
3.53838 -3.6727 22.8318 0.743129 0.669104 0.0077615 0.943445 -0.641494 1 1 1 1 
3.17972 -3.39257 22.5936 0.55743 0.809817 -0.182943 0.905862 -0.64545 1 1 1 1 
3.05359 -3.3821 22.382 0.425452 0.846582 -0.319827 0.90784 -0.64545 1 1 1 1 
2.88398 -3.3821 22.2147 0.308969 0.829699 -0.464907 0.909818 -0.64545 1 1 1 1 
2.67097 -3.3821 22.108 0.154351 0.847342 -0.508122 0.911796 -0.64545 1 1 1 1 
2.4354 -3.3821 22.0723 -0.0233043 0.829699 -0.557725 0.913774 -0.64545 1 1 1 1 
2.20034 -3.3821 22.1111 -0.173794 0.847342 -0.501804 0.915752 -0.64545 1 1 1 1 
1.98879 -3.3821 22.2207 -0.346676 0.829699 -0.437511 0.91773 -0.64545 1 1 1 1 
1.82146 -3.3821 22.3903 -0.435555 0.847342 -0.303815 0.919708 -0.64545 1 1 1 1 
1.71474 -3.3821 22.6033 -0.537629 0.829699 -0.150183 0.921686 -0.64545 1 1 1 1 
1.67906 -3.3821 22.8389 -0.53095 0.847342 0.0102215 0.923664 -0.64545 1 1 1 1 
1.71792 -3.3821 23.074 -0.523227 0.829699 0.19451 0.925642 -0.64545 1 1 1 1 
1.82751 -3.3821 23.2855 -0.423539 0.847342 0.320354 0.92762 -0.64545 1 1 1 1 
1.99712 -3.3821 23.4529 -0.308969 0.829699 0.464907 0.929599 -0.64545 1 1 1 1 
2.21013 -3.3821 23.5596 -0.154351 0.847342 0.508122 0.931577 -0.64545 1 1 1 1 
2.4457 -3.3821 23.5953 0.0233041 0.829699 0.557725 0.933555 -0.64545 1 1 1 1 
2.68076 -3.3821 23.5564 0.173794 0.847342 0.501804 0.935533 -0.64545 1 1 1 1 
2.89231 -3.3821 23.4468 0.346676 0.829699 0.437511 0.937511 -0.64545 1 1 1 1 
3.05964 -3.3821 23.2772 0.435555 0.847342 0.303815 0.939489 -0.64545 1 1 1 1 
3.16636 -3.3821 23.0642 0.537629 0.829699 0.150183 0.941467 -0.64545 1 1 1 1 
3.20204 -3.3821 22.8286 0.542527 0.839417 -0.0322982 0.943445 -0.64545 1 1 1 1 
3.17972 -3.39257 22.5936 0.55743 0.809817 -0.182943 0.945423 -0.64545 1 1 1 1 
2.87297 -3.23838 22.7653 0.355935 0.93217 0.066101 0.905862 -0.648417 1 1 1 1 
2.75013 -3.23838 22.5242 0.219987 0.948435 -0.228203 0.908829 -0.648417 1 1 1 1 
2.50904 -3.23838 22.4013 0.0438392 0.948435 -0.313925 0.912785 -0.648417 1 0 0 0 
2.24179 -3.23838 22.4437 -0.149054 0.948435 -0.279739 0.916741 -0.648417 1 0 0 0 
2.05046 -3.23838 22.635 -0.285013 0.948435 -0.138702 0.920697 -0.648417 1 1 1 1 
2.00813 -3.23838 22.9023 -0.312108 0.948435 0.0553145 0.924653 -0.648417 1 1 1 1 
2.13097 -3.23838 23.1434 -0.219987 0.948435 0.228203 0.928609 -0.648417 1 1 1 1 
2.37206 -3.23838 23.2662 -0.0407415 0.948565 0.313949 0.932566 -0.648417 1 1 1 1 
2.63931 -3.23838 23.2239 0.163806 0.94552 0.281352 0.936522 -0.648417 1 1 1 1 
2.83065 -3.23838 23.0325 0.292649 0.949593 0.112385 0.940478 -0.648417 1 1 1 1 
2.87297 -3.23838 22.7653 0.355935 0.93217 0.066101 0.944434 -0.648417 1 1 1 1 
2.65397 -3.18583 22.7644 0.165605 0.984186 -0.062876 0.905862 -0.650395 1 1 1 1 
2.62209 -3.18583 22.7019 0.123331 0.988463 -0.0879253 0.90784 -0.650395 1 1 1 1 
2.57245 -3.18583 22.6522 0.0924517 0.985534 -0.142042 0.909818 -0.650395 1 1 1 1 
2.50989 -3.18583 22.6204 0.0454182 0.989683 -0.135882 0.911796 -0.650395 1 1 1 1 
2.44055 -3.18583 22.6094 -0.00882403 0.986376 -0.164272 0.913774 -0.650395 1 1 1 1 
2.37121 -3.18583 22.6204 -0.041855 0.990326 -0.132301 0.915752 -0.650395 1 1 1 1 
2.30865 -3.18583 22.6522 -0.102335 0.986777 -0.125694 0.91773 -0.650395 1 1 1 1 
2.25901 -3.18583 22.7019 -0.110149 0.990588 -0.0812554 0.919708 -0.650395 1 1 1 1 
2.22713 -3.18583 22.7644 -0.156012 0.986893 -0.0412595 0.921686 -0.650395 1 0 0 0 
2.21615 -3.18583 22.8338 -0.136873 0.990588 -0.000921703 0.923664 -0.650395 1 1 1 1 
2.22713 -3.18583 22.9031 -0.151129 0.986776 0.0585966 0.925642 -0.650395 1 0 0 0 
2.25901 -3.18583 22.9657 -0.112751 0.990326 0.0808846 0.92762 -0.650395 1 1 1 1 
2.30865 -3.18583 23.0153 -0.0891877 0.986373 0.138252 0.929599 -0.650395 1 1 1 1 
2.37121 -3.18583 23.0472 -0.0376744 0.989838 0.137115 0.931577 -0.650395 1 1 1 1 
2.47522 -3.18583 23.0527 0.0319066 0.986534 0.160416 0.934544 -0.650395 1 1 1 1 
2.59727 -3.18583 22.9905 0.13601 0.984943 0.106723 0.9385 -0.650395 1 1 1 1 
2.54726 -3.177 22.8684 0.0403924 0.997926 0.0501125 0.941961 -0.651384 1 1 1 1 
2.66495 -3.18583 22.8338 0.274257 0.85899 0.432341 0.943445 -0.650395 1 1 1 1 
2.65397 -3.18583 22.7644 0.165605 0.984186 -0.062876 0.945423 -0.650395 1 1 1 1 
2.47522 -6.02825 22.9405 0.0107605 -0.999224 0.0378782 0.906851 -0.612813 1 1 1 1 
2.47522 -6.02825 22.9405 0.0107605 -0.999224 0.0378782 0.908829 -0.612813 1 1 1 1 
2.47522 -6.02825 22.9405 0.0107605 -0.999224 0.0378782 0.910807 -0.612813 1 1 1 1 
2.47522 -6.02825 22.9405 0.0107605 -0.999224 0.0378782 0.912785 -0.612813 1 1 1 1 
2.47522 -6.02825 22.9405 0.0107605 -0.999224 0.0378782 0.914763 -0.612813 1 1 1 1 
2.47522 -6.02825 22.9405 0.0107605 -0.999224 0.0378782 0.916741 -0.612813 1 1 1 1 
2.47522 -6.02825 22.9405 0.0107605 -0.999224 0.0378782 0.918719 -0.612813 1 1 1 1 
2.47522 -6.02825 22.9405 0.0107605 -0.999224 0.0378782 0.920697 -0.612813 1 1 1 1 
2.47522 -6.02825 22.9405 0.0107605 -0.999224 0.0378782 0.922675 -0.612813 1 1 1 1 
2.47522 -6.02825 22.9405 0.0107605 -0.999224 0.0378782 0.924653 -0.612813 1 1 1 1 
2.47522 -6.02825 22.9405 0.0107605 -0.999224 0.0378782 0.926631 -0.612813 1 1 1 1 
2.47522 -6.02825 22.9405 0.0107605 -0.999224 0.0378782 0.928609 -0.612813 1 1 1 1 
2.47522 -6.02825 22.9405 0.0107605 -0.999224 0.0378782 0.930587 -0.612813 1 1 1 1 
2.47522 -6.02825 22.9405 0.0107605 -0.999224 0.0378782 0.936027 -0.613802 1 1 1 1 
2.47522 -6.02825 22.9405 0.0107605 -0.999224 0.0378782 0.9385 -0.612813 1 1 1 1 
2.47522 -6.02825 22.9405 0.0107605 -0.999224 0.0378782 0.942456 -0.612813 1 1 1 1 
2.47522 -6.02825 22.9405 0.0107605 -0.999224 0.0378782 0.944434 -0.612813 1 1 1 1 
2.54726 -3.177 22.8684 0.0403924 0.997926 0.0501125 0.906851 -0.652373 1 1 1 1 
2.54726 -3.177 22.8684 0.0403924 0.997926 0.0501125 0.908829 -0.652373 1 1 1 1 
2.54726 -3.177 22.8684 0.0403924 0.997926 0.0501125 0.910807 -0.652373 1 1 1 1 
2.54726 -3.177 22.8684 0.0403924 0.997926 0.0501125 0.912785 -0.652373 1 1 1 1 
2.54726 -3.177 22.8684 0.0403924 0.997926 0.0501125 0.914763 -0.652373 1 1 1 1 
2.54726 -3.177 22.8684 0.0403924 0.997926 0.0501125 0.916741 -0.652373 1 1 1 1 
2.54726 -3.177 22.8684 0.0403924 0.997926 0.0501125 0.918719 -0.652373 1 1 1 1 
2.54726 -3.177 22.8684 0.0403924 0.997926 0.0501125 0.920697 -0.652373 1 1 1 1 
2.54726 -3.177 22.8684 0.0403924 0.997926 0.0501125 0.922675 -0.652373 1 1 1 1 
2.54726 -3.177 22.8684 0.0403924 0.997926 0.0501125 0.924653 -0.652373 1 1 1 1 
2.54726 -3.177 22.8684 0.0403924 0.997926 0.0501125 0.926631 -0.652373 1 1 1 1 
2.54726 -3.177 22.8684 0.0403924 0.997926 0.0501125 0.928609 -0.652373 1 1 1 1 
2.54726 -3.177 22.8684 0.0403924 0.997926 0.0501125 0.930587 -0.652373 1 1 1 1 
2.54726 -3.177 22.8684 0.0403924 0.997926 0.0501125 0.932566 -0.652373 1 1 1 1 
2.54726 -3.177 22.8684 0.0403924 0.997926 0.0501125 0.936522 -0.652373 1 1 1 1 
2.54726 -3.177 22.8684 0.0403924 0.997926 0.0501125 0.944434 -0.652373 1 1 1 1 
233
0 1 0 0 0 0 0 0 
0 1 0 0 0 0 0 0 
0 1 0 0 0 0 0 0 
0 1 0 0 0 0 0 0 
0 1 0 0 0 0 0 0 
0 1 0 0 0 0 0 0 
0 1 0 0 0 0 0 0 
0 1 0 0 0 0 0 0 
0 1 0 0 0 0 0 0 
0 1 0 0 0 0 0 0 
0 1 0 0 0 0 0 0 
0 1 0 0 0 0 0 0 
0 1 0 0 0 0 0 0 
0 1 0 0 0 0 0 0 
0 1 0 0 0 0 0 0 
0 1 0 0 0 0 0 0 
0 1 0 0 0 0 0 0 
0 1 0 0 0 0 0 0 
0 1 0 0 0 0 0 0 
0 1 0 0 0 0 0 0 
0 1 0 0 0 0 0 0 
0 1 0 0 0 0 0 0 
0 1 0 0 0 0 0 0 
0 1 0 0 0 0 0 0 
0 1 0 0 0 0 0 0 
0 1 0 0 0 0 0 0 
0 1 0 0 0 0 0 0 
0 1 0 0 0 0 0 0 
0 1 0 0 0 0 0 0 
0 1 0 0 0 0 0 0 
0 1 0 0 0 0 0 0 
0 1 0 0 0 0 0 0 
0 1 0 0 0 0 0 0 
0 1 0 0 0 0 0 0 
0 1 0 0 0 0 0 0 
0 1 0 0 0 0 0 0 
0 1 0 0 0 0 0 0 
0 1 0 0 0 0 0 0 
0 1 0 0 0 0 0 0 
0 1 0 0 0 0 0 0 
0 1 0 0 0 0 0 0 
0 1 0 0 0 0 0 0 
0 1 0 0 0 0 0 0 
0 1 0 0 0 0 0 0 
0 1 0 0 0 0 0 0 
0 1 0 0 0 0 0 0 
0 1 0 0 0 0 0 0 
0 1 0 0 0 0 0 0 
0 1 0 0 0 0 0 0 
0 1 0 0 0 0 0 0 
0 1 0 0 0 0 0 0 
0 1 0 0 0 0 0 0 
0 1 0 0 0 0 0 0 
0 1 0 0 0 0 0 0 
0 1 0 0 0 0 0 0 
0 1 0 0 0 0 0 0 
0 1 0 0 0 0 0 0 
0 1 0 0 0 0 0 0 
0 1 0 0 0 0 0 0 
0 1 0 0 0 0 0 0 
0 1 0 0 0 0 0 0 
0 1 0 0 0 0 0 0 
0 1 0 0 0 0 0 0 
0 1 0 0 0 0 0 0 
0 1 0 0 0 0 0 0 
0 1 0 0 0 0 0 0 
0 1 0 0 0 0 0 0 
0 1 0 0 0 0 0 0 
0 1 0 0 0 0 0 0 
0 1 0 0 0 0 0 0 
0 1 0 0 0 0 0 0 
0 1 0 0 0 0 0 0 
0 1 0 0 0 0 0 0 
0 1 0 0 0 0 0 0 
0 1 0 0 0 0 0 0 
0 1 0 0 0 0 0 0 
0 1 0 0 0 0 0 0 
0 1 0 0 0 0 0 0 
0 1 0 0 0 0 0 0 
0 1 0 0 0 0 0 0 
0 1 0 0 0 0 0 0 
0 1 0 0 0 0 0 0 
0 1 0 0 0 0 0 0 
0 1 0 0 0 0 0 0 
0 1 0 0 0 0 0 0 
0 1 0 0 0 0 0 0 
0 1 0 0 0 0 0 0 
0 1 0 0 0 0 0 0 
0 1 0 0 0 0 0 0 
0 1 0 0 0 0 0 0 
0 1 0 0 0 0 0 0 
0 1 0 0 0 0 0 0 
0 1 0 0 0 0 0 0 
0 1 0 0 0 0 0 0 
0 1 0 0 0 0 0 0 
0 1 0 0 0 0 0 0 
0 1 0 0 0 0 0 0 
0 1 0 0 0 0 0 0 
0 1 0 0 0 0 0 0 
0 1 0 0 0 0 0 0 
0 1 0 0 0 0 0 0 
0 1 0 0 0 0 0 0 
0 1 0 0 0 0 0 0 
0 1 0 0 0 0 0 0 
0 1 0 0 0 0 0 0 
0 1 0 0 0 0 0 0 
0 1 0 0 0 0 0 0 
0 1 0 0 0 0 0 0 
0 1 0 0 0 0 0 0 
0 1 0 0 0 0 0 0 
0 1 0 0 0 0 0 0 
0 1 0 0 0 0 0 0 
0 1 0 0 0 0 0 0 
0 1 0 0 0 0 0 0 
0 1 0 0 0 0 0 0 
0 1 0 0 0 0 0 0 
0 1 0 0 0 0 0 0 
0 1 0 0 0 0 0 0 
0 1 0 0 0 0 0 0 
0 1 0 0 0 0 0 0 
0 1 0 0 0 0 0 0 
0 1 0 0 0 0 0 0 
0 1 0 0 0 0 0 0 
0 1 0 0 0 0 0 0 
0 1 0 0 0 0 0 0 
0 1 0 0 0 0 0 0 
0 1 0 0 0 0 0 0 
0 1 0 0 0 0 0 0 
0 1 0 0 0 0 0 0 
0 1 0 0 0 0 0 0 
0 1 0 0 0 0 0 0 
0 1 0 0 0 0 0 0 
0 1 0 0 0 0 0 0 
0 1 0 0 0 0 0 0 
0 1 0 0 0 0 0 0 
0 1 0 0 0 0 0 0 
0 1 0 0 0 0 0 0 
0 1 0 0 0 0 0 0 
0 1 0 0 0 0 0 0 
0 1 0 0 0 0 0 0 
0 1 0 0 0 0 0 0 
0 1 0 0 0 0 0 0 
0 1 0 0 0 0 0 0 
0 1 0 0 0 0 0 0 
0 1 0 0 0 0 0 0 
0 1 0 0 0 0 0 0 
0 1 0 0 0 0 0 0 
0 1 0 0 0 0 0 0 
0 1 0 0 0 0 0 0 
0 1 0 0 0 0 0 0 
0 1 0 0 0 0 0 0 
0 1 0 0 0 0 0 0 
0 1 0 0 0 0 0 0 
0 1 0 0 0 0 0 0 
0 1 0 0 0 0 0 0 
0 1 0 0 0 0 0 0 
0 1 0 0 0 0 0 0 
0 1 0 0 0 0 0 0 
0 1 0 0 0 0 0 0 
0 1 0 0 0 0 0 0 
0 1 0 0 0 0 0 0 
0 1 0 0 0 0 0 0 
0 1 0 0 0 0 0 0 
0 1 0 0 0 0 0 0 
0 1 0 0 0 0 0 0 
0 1 0 0 0 0 0 0 
0 1 0 0 0 0 0 0 
0 1 0 0 0 0 0 0 
0 1 0 0 0 0 0 0 
0 1 0 0 0 0 0 0 
0 1 0 0 0 0 0 0 
0 1 0 0 0 0 0 0 
0 1 0 0 0 0 0 0 
0 1 0 0 0 0 0 0 
0 1 0 0 0 0 0 0 
0 1 0 0 0 0 0 0 
0 1 0 0 0 0 0 0 
0 1 0 0 0 0 0 0 
0 1 0 0 0 0 0 0 
0 1 0 0 0 0 0 0 
0 1 0 0 0 0 0 0 
0 1 0 0 0 0 0 0 
0 1 0 0 0 0 0 0 
0 1 0 0 0 0 0 0 
0 1 0 0 0 0 0 0 
0 1 0 0 0 0 0 0 
0 1 0 0 0 0 0 0 
0 1 0 0 0 0 0 0 
0 1 0 0 0 0 0 0 
0 1 0 0 0 0 0 0 
0 1 0 0 0 0 0 0 
0 1 0 0 0 0 0 0 
0 1 0 0 0 0 0 0 
0 1 0 0 0 0 0 0 
0 1 0 0 0 0 0 0 
0 1 0 0 0 0 0 0 
0 1 0 0 0 0 0 0 
0 1 0 0 0 0 0 0 
0 1 0 0 0 0 0 0 
0 1 0 0 0 0 0 0 
0 1 0 0 0 0 0 0 
0 1 0 0 0 0 0 0 
0 1 0 0 0 0 0 0 
0 1 0 0 0 0 0 0 
0 1 0 0 0 0 0 0 
0 1 0 0 0 0 0 0 
0 1 0 0 0 0 0 0 
0 1 0 0 0 0 0 0 
0 1 0 0 0 0 0 0 
0 1 0 0 0 0 0 0 
0 1 0 0 0 0 0 0 
0 1 0 0 0 0 0 0 
0 1 0 0 0 0 0 0 
0 1 0 0 0 0 0 0 
0 1 0 0 0 0 0 0 
0 1 0 0 0 0 0 0 
0 1 0 0 0 0 0 0 
0 1 0 0 0 0 0 0 
0 1 0 0 0 0 0 0 
0 1 0 0 0 0 0 0 
0 1 0 0 0 0 0 0 
0 1 0 0 0 0 0 0 
0 1 0 0 0 0 0 0 
0 1 0 0 0 0 0 0 
0 1 0 0 0 0 0 0 
0 1 0 0 0 0 0 0 
0 1 0 0 0 0 0 0 
0 1 0 0 0 0 0 0 
0 1 0 0 0 0 0 0 
0 1 0 0 0 0 0 0 
0 1 0 0 0 0 0 0 
0 1 0 0 0 0 0 0 
0 1 0 0 0 0 0 0 
1
joint20 ParentIndex -1
Matrix
1 0 0 0
0 1 0 0
0 0 1 0
2.26548 -4.9261 22.6566 1

Inverse
1 0 0 0
0 1 0 0
0 0 1 0
-2.26548 4.9261 -22.6566 1

Attachment 0 -1
699
Frame 0
joint20.Matrix
1 0 0 0
0 1 0 0
0 0 1 0
0 0 3.55271e-015 1

Frame 1
joint20.Matrix
1 0 0 0
0 1 0 0
0 0 1 0
0 0 3.55271e-015 1

Frame 2
joint20.Matrix
1 0 0 0
0 1 0 0
0 0 1 0
0 0 3.55271e-015 1

Frame 3
joint20.Matrix
1 0 0 0
0 1 0 0
0 0 1 0
0 0 3.55271e-015 1

Frame 4
joint20.Matrix
1 0 0 0
0 1 0 0
0 0 1 0
0 0 3.55271e-015 1

Frame 5
joint20.Matrix
1 0 0 0
0 1 0 0
0 0 1 0
0 0 3.55271e-015 1

Frame 6
joint20.Matrix
1 0 0 0
0 1 0 0
0 0 1 0
0 0 3.55271e-015 1

Frame 7
joint20.Matrix
1 0 0 0
0 1 0 0
0 0 1 0
0 0 3.55271e-015 1

Frame 8
joint20.Matrix
1 0 0 0
0 1 0 0
0 0 1 0
0 0 3.55271e-015 1

Frame 9
joint20.Matrix
1 0 0 0
0 1 0 0
0 0 1 0
0 0 3.55271e-015 1

Frame 10
joint20.Matrix
1 0 0 0
0 1 0 0
0 0 1 0
0 0 3.55271e-015 1

Frame 11
joint20.Matrix
1 0 0 0
0 1 0 0
0 0 1 0
0 0 3.55271e-015 1

Frame 12
joint20.Matrix
1 0 0 0
0 1 0 0
0 0 1 0
0 0 3.55271e-015 1

Frame 13
joint20.Matrix
1 0 0 0
0 1 0 0
0 0 1 0
0 0 3.55271e-015 1

Frame 14
joint20.Matrix
1 0 0 0
0 1 0 0
0 0 1 0
0 0 3.55271e-015 1

Frame 15
joint20.Matrix
1 0 0 0
0 1 0 0
0 0 1 0
0 0 3.55271e-015 1

Frame 16
joint20.Matrix
1 0 0 0
0 1 0 0
0 0 1 0
0 0 3.55271e-015 1

Frame 17
joint20.Matrix
1 0 0 0
0 1 0 0
0 0 1 0
0 0 3.55271e-015 1

Frame 18
joint20.Matrix
1 0 0 0
0 1 0 0
0 0 1 0
0 0 3.55271e-015 1

Frame 19
joint20.Matrix
1 0 0 0
0 1 0 0
0 0 1 0
0 0 3.55271e-015 1

Frame 20
joint20.Matrix
1 0 0 0
0 1 0 0
0 0 1 0
0 0 3.55271e-015 1

Frame 21
joint20.Matrix
1 0 0 0
0 1 0 0
0 0 1 0
0 0 3.55271e-015 1

Frame 22
joint20.Matrix
1 0 0 0
0 1 0 0
0 0 1 0
0 0 3.55271e-015 1

Frame 23
joint20.Matrix
1 0 0 0
0 1 0 0
0 0 1 0
0 0 3.55271e-015 1

Frame 24
joint20.Matrix
1 0 0 0
0 1 0 0
0 0 1 0
0 0 3.55271e-015 1

Frame 25
joint20.Matrix
1 0 0 0
0 1 0 0
0 0 1 0
0 0 3.55271e-015 1

Frame 26
joint20.Matrix
1 0 0 0
0 1 0 0
0 0 1 0
0 0 3.55271e-015 1

Frame 27
joint20.Matrix
1 0 0 0
0 1 0 0
0 0 1 0
0 0 3.55271e-015 1

Frame 28
joint20.Matrix
1 0 0 0
0 1 0 0
0 0 1 0
0 0 3.55271e-015 1

Frame 29
joint20.Matrix
1 0 0 0
0 1 0 0
0 0 1 0
0 0 3.55271e-015 1

Frame 30
joint20.Matrix
1 0 0 0
0 1 0 0
0 0 1 0
0 0 3.55271e-015 1

Frame 31
joint20.Matrix
1 0 0 0
0 1 0 0
0 0 1 0
0 0 3.55271e-015 1

Frame 32
joint20.Matrix
1 0 0 0
0 1 0 0
0 0 1 0
0 0 3.55271e-015 1

Frame 33
joint20.Matrix
1 0 0 0
0 1 0 0
0 0 1 0
0 0 3.55271e-015 1

Frame 34
joint20.Matrix
1 0 0 0
0 1 0 0
0 0 1 0
0 0 3.55271e-015 1

Frame 35
joint20.Matrix
1 0 0 0
0 1 0 0
0 0 1 0
0 0 3.55271e-015 1

Frame 36
joint20.Matrix
1 0 0 0
0 1 0 0
0 0 1 0
0 0 3.55271e-015 1

Frame 37
joint20.Matrix
1 0 0 0
0 1 0 0
0 0 1 0
0 0 3.55271e-015 1

Frame 38
joint20.Matrix
1 0 0 0
0 1 0 0
0 0 1 0
0 0 3.55271e-015 1

Frame 39
joint20.Matrix
1 0 0 0
0 1 0 0
0 0 1 0
0 0 3.55271e-015 1

Frame 40
joint20.Matrix
1 0 0 0
0 1 0 0
0 0 1 0
0 0 3.55271e-015 1

Frame 41
joint20.Matrix
1 0 0 0
0 1 0 0
0 0 1 0
0 0 3.55271e-015 1

Frame 42
joint20.Matrix
1 0 0 0
0 1 0 0
0 0 1 0
0 0 3.55271e-015 1

Frame 43
joint20.Matrix
1 0 0 0
0 1 0 0
0 0 1 0
0 0 3.55271e-015 1

Frame 44
joint20.Matrix
1 0 0 0
0 1 0 0
0 0 1 0
0 0 3.55271e-015 1

Frame 45
joint20.Matrix
1 0 0 0
0 1 0 0
0 0 1 0
0 0 3.55271e-015 1

Frame 46
joint20.Matrix
1 0 0 0
0 1 0 0
0 0 1 0
0 0 3.55271e-015 1

Frame 47
joint20.Matrix
1 0 0 0
0 1 0 0
0 0 1 0
0 0 3.55271e-015 1

Frame 48
joint20.Matrix
1 0 0 0
0 1 0 0
0 0 1 0
0 0 3.55271e-015 1

Frame 49
joint20.Matrix
1 0 0 0
0 1 0 0
0 0 1 0
0 0 3.55271e-015 1

Frame 50
joint20.Matrix
1 0 0 0
0 1 0 0
0 0 1 0
0 0 3.55271e-015 1

Frame 51
joint20.Matrix
1 0 0 0
0 1 0 0
0 0 1 0
0 0 3.55271e-015 1

Frame 52
joint20.Matrix
1 0 0 0
0 1 0 0
0 0 1 0
0 0 3.55271e-015 1

Frame 53
joint20.Matrix
1 0 0 0
0 1 0 0
0 0 1 0
0 0 3.55271e-015 1

Frame 54
joint20.Matrix
1 0 0 0
0 1 0 0
0 0 1 0
0 0 3.55271e-015 1

Frame 55
joint20.Matrix
1 0 0 0
0 1 0 0
0 0 1 0
0 0 3.55271e-015 1

Frame 56
joint20.Matrix
1 0 0 0
0 1 0 0
0 0 1 0
0 0 3.55271e-015 1

Frame 57
joint20.Matrix
1 0 0 0
0 1 0 0
0 0 1 0
0 0 3.55271e-015 1

Frame 58
joint20.Matrix
1 0 0 0
0 1 0 0
0 0 1 0
0 0 3.55271e-015 1

Frame 59
joint20.Matrix
1 0 0 0
0 1 0 0
0 0 1 0
0 0 3.55271e-015 1

Frame 60
joint20.Matrix
1 0 0 0
0 1 0 0
0 0 1 0
0 0 3.55271e-015 1

Frame 61
joint20.Matrix
1 0 0 0
0 1 0 0
0 0 1 0
0 0 3.55271e-015 1

Frame 62
joint20.Matrix
1 0 0 0
0 1 0 0
0 0 1 0
0 0 3.55271e-015 1

Frame 63
joint20.Matrix
1 0 0 0
0 1 0 0
0 0 1 0
0 0 3.55271e-015 1

Frame 64
joint20.Matrix
1 0 0 0
0 1 0 0
0 0 1 0
0 0 3.55271e-015 1

Frame 65
joint20.Matrix
1 0 0 0
0 1 0 0
0 0 1 0
0 0 3.55271e-015 1

Frame 66
joint20.Matrix
1 0 0 0
0 1 0 0
0 0 1 0
0 0 3.55271e-015 1

Frame 67
joint20.Matrix
1 0 0 0
0 1 0 0
0 0 1 0
0 0 3.55271e-015 1

Frame 68
joint20.Matrix
1 0 0 0
0 1 0 0
0 0 1 0
0 0 3.55271e-015 1

Frame 69
joint20.Matrix
1 0 0 0
0 1 0 0
0 0 1 0
0 0 3.55271e-015 1

Frame 70
joint20.Matrix
1 0 0 0
0 1 0 0
0 0 1 0
0 0 3.55271e-015 1

Frame 71
joint20.Matrix
1 0 0 0
0 1 0 0
0 0 1 0
0 0 3.55271e-015 1

Frame 72
joint20.Matrix
1 0 0 0
0 1 0 0
0 0 1 0
0 0 3.55271e-015 1

Frame 73
joint20.Matrix
1 0 0 0
0 1 0 0
0 0 1 0
0 0 3.55271e-015 1

Frame 74
joint20.Matrix
1 0 0 0
0 1 0 0
0 0 1 0
0 0 3.55271e-015 1

Frame 75
joint20.Matrix
1 0 0 0
0 1 0 0
0 0 1 0
0 0 3.55271e-015 1

Frame 76
joint20.Matrix
1 0 0 0
0 1 0 0
0 0 1 0
0 0 3.55271e-015 1

Frame 77
joint20.Matrix
1 0 0 0
0 1 0 0
0 0 1 0
0 0 3.55271e-015 1

Frame 78
joint20.Matrix
1 0 0 0
0 1 0 0
0 0 1 0
0 0 3.55271e-015 1

Frame 79
joint20.Matrix
1 0 0 0
0 1 0 0
0 0 1 0
0 0 3.55271e-015 1

Frame 80
joint20.Matrix
1 0 0 0
0 1 0 0
0 0 1 0
0 0 3.55271e-015 1

Frame 81
joint20.Matrix
1 0 0 0
0 1 0 0
0 0 1 0
0 0 3.55271e-015 1

Frame 82
joint20.Matrix
1 0 0 0
0 1 0 0
0 0 1 0
0 0 3.55271e-015 1

Frame 83
joint20.Matrix
1 0 0 0
0 1 0 0
0 0 1 0
0 0 3.55271e-015 1

Frame 84
joint20.Matrix
1 0 0 0
0 1 0 0
0 0 1 0
0 0 3.55271e-015 1

Frame 85
joint20.Matrix
1 0 0 0
0 1 0 0
0 0 1 0
0 0 3.55271e-015 1

Frame 86
joint20.Matrix
1 0 0 0
0 1 0 0
0 0 1 0
0 0 3.55271e-015 1

Frame 87
joint20.Matrix
1 0 0 0
0 1 0 0
0 0 1 0
0 0 3.55271e-015 1

Frame 88
joint20.Matrix
1 0 0 0
0 1 0 0
0 0 1 0
0 0 3.55271e-015 1

Frame 89
joint20.Matrix
1 0 0 0
0 1 0 0
0 0 1 0
0 0 3.55271e-015 1

Frame 90
joint20.Matrix
1 0 0 0
0 1 0 0
0 0 1 0
0 0 3.55271e-015 1

Frame 91
joint20.Matrix
1 0 0 0
0 1 0 0
0 0 1 0
0 0 3.55271e-015 1

Frame 92
joint20.Matrix
1 0 0 0
0 1 0 0
0 0 1 0
0 0 3.55271e-015 1

Frame 93
joint20.Matrix
1 0 0 0
0 1 0 0
0 0 1 0
0 0 3.55271e-015 1

Frame 94
joint20.Matrix
1 0 0 0
0 1 0 0
0 0 1 0
0 0 3.55271e-015 1

Frame 95
joint20.Matrix
1 0 0 0
0 1 0 0
0 0 1 0
0 0 3.55271e-015 1

Frame 96
joint20.Matrix
1 0 0 0
0 1 0 0
0 0 1 0
0 0 3.55271e-015 1

Frame 97
joint20.Matrix
1 0 0 0
0 1 0 0
0 0 1 0
0 0 3.55271e-015 1

Frame 98
joint20.Matrix
1 0 0 0
0 1 0 0
0 0 1 0
0 0 3.55271e-015 1

Frame 99
joint20.Matrix
1 0 0 0
0 1 0 0
0 0 1 0
0 0 3.55271e-015 1

Frame 100
joint20.Matrix
1 0 0 0
0 1 0 0
0 0 1 0
0 0 3.55271e-015 1

Frame 101
joint20.Matrix
1 0 0 0
0 1 0 0
0 0 1 0
0 0 3.55271e-015 1

Frame 102
joint20.Matrix
1 0 0 0
0 1 0 0
0 0 1 0
0 0 3.55271e-015 1

Frame 103
joint20.Matrix
1 0 0 0
0 1 0 0
0 0 1 0
0 0 3.55271e-015 1

Frame 104
joint20.Matrix
1 0 0 0
0 1 0 0
0 0 1 0
0 0 3.55271e-015 1

Frame 105
joint20.Matrix
1 0 0 0
0 1 0 0
0 0 1 0
0 0 3.55271e-015 1

Frame 106
joint20.Matrix
1 0 0 0
0 1 0 0
0 0 1 0
0 0 3.55271e-015 1

Frame 107
joint20.Matrix
1 0 0 0
0 1 0 0
0 0 1 0
0 0 3.55271e-015 1

Frame 108
joint20.Matrix
1 0 0 0
0 1 0 0
0 0 1 0
0 0 3.55271e-015 1

Frame 109
joint20.Matrix
1 0 0 0
0 1 0 0
0 0 1 0
0 0 3.55271e-015 1

Frame 110
joint20.Matrix
1 0 0 0
0 1 0 0
0 0 1 0
0 0 3.55271e-015 1

Frame 111
joint20.Matrix
1 0 0 0
0 1 0 0
0 0 1 0
0 0 3.55271e-015 1

Frame 112
joint20.Matrix
1 0 0 0
0 1 0 0
0 0 1 0
0 0 3.55271e-015 1

Frame 113
joint20.Matrix
1 0 0 0
0 1 0 0
0 0 1 0
0 0 3.55271e-015 1

Frame 114
joint20.Matrix
1 0 0 0
0 1 0 0
0 0 1 0
0 0 3.55271e-015 1

Frame 115
joint20.Matrix
1 0 0 0
0 1 0 0
0 0 1 0
0 0 3.55271e-015 1

Frame 116
joint20.Matrix
1 0 0 0
0 1 0 0
0 0 1 0
0 0 3.55271e-015 1

Frame 117
joint20.Matrix
1 0 0 0
0 1 0 0
0 0 1 0
0 0 3.55271e-015 1

Frame 118
joint20.Matrix
1 0 0 0
0 1 0 0
0 0 1 0
0 0 3.55271e-015 1

Frame 119
joint20.Matrix
1 0 0 0
0 1 0 0
0 0 1 0
0 0 3.55271e-015 1

Frame 120
joint20.Matrix
1 0 0 0
0 1 0 0
0 0 1 0
0 0 3.55271e-015 1

Frame 121
joint20.Matrix
1 0 0 0
0 1 0 0
0 0 1 0
0 0 3.55271e-015 1

Frame 122
joint20.Matrix
1 0 0 0
0 1 0 0
0 0 1 0
0 0 3.55271e-015 1

Frame 123
joint20.Matrix
1 0 0 0
0 1 0 0
0 0 1 0
0 0 3.55271e-015 1

Frame 124
joint20.Matrix
1 0 0 0
0 1 0 0
0 0 1 0
0 0 3.55271e-015 1

Frame 125
joint20.Matrix
1 0 0 0
0 1 0 0
0 0 1 0
0 0 3.55271e-015 1

Frame 126
joint20.Matrix
1 0 0 0
0 1 0 0
0 0 1 0
0 0 3.55271e-015 1

Frame 127
joint20.Matrix
1 0 0 0
0 1 0 0
0 0 1 0
0 0 3.55271e-015 1

Frame 128
joint20.Matrix
1 0 0 0
0 1 0 0
0 0 1 0
0 0 3.55271e-015 1

Frame 129
joint20.Matrix
1 0 0 0
0 1 0 0
0 0 1 0
0 0 3.55271e-015 1

Frame 130
joint20.Matrix
1 0 0 0
0 1 0 0
0 0 1 0
0 0 3.55271e-015 1

Frame 131
joint20.Matrix
1 0 0 0
0 1 0 0
0 0 1 0
0 0 3.55271e-015 1

Frame 132
joint20.Matrix
1 0 0 0
0 1 0 0
0 0 1 0
0 0 3.55271e-015 1

Frame 133
joint20.Matrix
1 0 0 0
0 1 0 0
0 0 1 0
0 0 3.55271e-015 1

Frame 134
joint20.Matrix
1 0 0 0
0 1 0 0
0 0 1 0
0 0 3.55271e-015 1

Frame 135
joint20.Matrix
1 0 0 0
0 1 0 0
0 0 1 0
0 0 3.55271e-015 1

Frame 136
joint20.Matrix
1 0 0 0
0 1 0 0
0 0 1 0
0 0 3.55271e-015 1

Frame 137
joint20.Matrix
1 0 0 0
0 1 0 0
0 0 1 0
0 0 3.55271e-015 1

Frame 138
joint20.Matrix
1 0 0 0
0 1 0 0
0 0 1 0
0 0 3.55271e-015 1

Frame 139
joint20.Matrix
1 0 0 0
0 1 0 0
0 0 1 0
0 0 3.55271e-015 1

Frame 140
joint20.Matrix
1 0 0 0
0 1 0 0
0 0 1 0
0 0 3.55271e-015 1

Frame 141
joint20.Matrix
1 0 0 0
0 1 0 0
0 0 1 0
0 0 3.55271e-015 1

Frame 142
joint20.Matrix
1 0 0 0
0 1 0 0
0 0 1 0
0 0 3.55271e-015 1

Frame 143
joint20.Matrix
1 0 0 0
0 1 0 0
0 0 1 0
0 0 3.55271e-015 1

Frame 144
joint20.Matrix
1 0 0 0
0 1 0 0
0 0 1 0
0 0 3.55271e-015 1

Frame 145
joint20.Matrix
1 0 0 0
0 1 0 0
0 0 1 0
0 0 3.55271e-015 1

Frame 146
joint20.Matrix
1 0 0 0
0 1 0 0
0 0 1 0
0 0 3.55271e-015 1

Frame 147
joint20.Matrix
1 0 0 0
0 1 0 0
0 0 1 0
0 0 3.55271e-015 1

Frame 148
joint20.Matrix
1 0 0 0
0 1 0 0
0 0 1 0
0 0 3.55271e-015 1

Frame 149
joint20.Matrix
1 0 0 0
0 1 0 0
0 0 1 0
0 0 3.55271e-015 1

Frame 150
joint20.Matrix
1 0 0 0
0 1 0 0
0 0 1 0
0 0 3.55271e-015 1

Frame 151
joint20.Matrix
1 0 0 0
0 1 0 0
0 0 1 0
0 0 3.55271e-015 1

Frame 152
joint20.Matrix
1 0 0 0
0 1 0 0
0 0 1 0
0 0 3.55271e-015 1

Frame 153
joint20.Matrix
1 0 0 0
0 1 0 0
0 0 1 0
0 0 3.55271e-015 1

Frame 154
joint20.Matrix
1 0 0 0
0 1 0 0
0 0 1 0
0 0 3.55271e-015 1

Frame 155
joint20.Matrix
1 0 0 0
0 1 0 0
0 0 1 0
0 0 3.55271e-015 1

Frame 156
joint20.Matrix
1 0 0 0
0 1 0 0
0 0 1 0
0 0 3.55271e-015 1

Frame 157
joint20.Matrix
1 0 0 0
0 1 0 0
0 0 1 0
0 0 3.55271e-015 1

Frame 158
joint20.Matrix
1 0 0 0
0 1 0 0
0 0 1 0
0 0 3.55271e-015 1

Frame 159
joint20.Matrix
1 0 0 0
0 1 0 0
0 0 1 0
0 0 3.55271e-015 1

Frame 160
joint20.Matrix
1 0 0 0
0 1 0 0
0 0 1 0
0 0 3.55271e-015 1

Frame 161
joint20.Matrix
1 0 0 0
0 1 0 0
0 0 1 0
0 0 3.55271e-015 1

Frame 162
joint20.Matrix
1 0 0 0
0 1 0 0
0 0 1 0
0 0 3.55271e-015 1

Frame 163
joint20.Matrix
1 0 0 0
0 1 0 0
0 0 1 0
0 0 3.55271e-015 1

Frame 164
joint20.Matrix
1 0 0 0
0 1 0 0
0 0 1 0
0 0 3.55271e-015 1

Frame 165
joint20.Matrix
1 0 0 0
0 1 0 0
0 0 1 0
0 0 3.55271e-015 1

Frame 166
joint20.Matrix
1 0 0 0
0 1 0 0
0 0 1 0
0 0 3.55271e-015 1

Frame 167
joint20.Matrix
1 0 0 0
0 1 0 0
0 0 1 0
0 0 3.55271e-015 1

Frame 168
joint20.Matrix
1 0 0 0
0 1 0 0
0 0 1 0
0 0 3.55271e-015 1

Frame 169
joint20.Matrix
1 0 0 0
0 1 0 0
0 0 1 0
0 0 3.55271e-015 1

Frame 170
joint20.Matrix
1 0 0 0
0 1 0 0
0 0 1 0
0 0 3.55271e-015 1

Frame 171
joint20.Matrix
1 0 0 0
0 1 0 0
0 0 1 0
0 0 3.55271e-015 1

Frame 172
joint20.Matrix
1 0 0 0
0 1 0 0
0 0 1 0
0 0 3.55271e-015 1

Frame 173
joint20.Matrix
1 0 0 0
0 1 0 0
0 0 1 0
0 0 3.55271e-015 1

Frame 174
joint20.Matrix
1 0 0 0
0 1 0 0
0 0 1 0
0 0 3.55271e-015 1

Frame 175
joint20.Matrix
1 0 0 0
0 1 0 0
0 0 1 0
0 0 3.55271e-015 1

Frame 176
joint20.Matrix
1 0 0 0
0 1 0 0
0 0 1 0
0 0 3.55271e-015 1

Frame 177
joint20.Matrix
1 0 0 0
0 1 0 0
0 0 1 0
0 0 3.55271e-015 1

Frame 178
joint20.Matrix
1 0 0 0
0 1 0 0
0 0 1 0
0 0 3.55271e-015 1

Frame 179
joint20.Matrix
1 0 0 0
0 1 0 0
0 0 1 0
0 0 3.55271e-015 1

Frame 180
joint20.Matrix
1 0 0 0
0 1 0 0
0 0 1 0
0 0 3.55271e-015 1

Frame 181
joint20.Matrix
1 0 0 0
0 1 0 0
0 0 1 0
0 0 3.55271e-015 1

Frame 182
joint20.Matrix
1 0 0 0
0 1 0 0
0 0 1 0
0 0 3.55271e-015 1

Frame 183
joint20.Matrix
1 0 0 0
0 1 0 0
0 0 1 0
0 0 3.55271e-015 1

Frame 184
joint20.Matrix
1 0 0 0
0 1 0 0
0 0 1 0
0 0 3.55271e-015 1

Frame 185
joint20.Matrix
1 0 0 0
0 1 0 0
0 0 1 0
0 0 3.55271e-015 1

Frame 186
joint20.Matrix
1 0 0 0
0 1 0 0
0 0 1 0
0 0 3.55271e-015 1

Frame 187
joint20.Matrix
1 0 0 0
0 1 0 0
0 0 1 0
0 0 3.55271e-015 1

Frame 188
joint20.Matrix
1 0 0 0
0 1 0 0
0 0 1 0
0 0 3.55271e-015 1

Frame 189
joint20.Matrix
1 0 0 0
0 1 0 0
0 0 1 0
0 0 3.55271e-015 1

Frame 190
joint20.Matrix
1 0 0 0
0 1 0 0
0 0 1 0
0 0 3.55271e-015 1

Frame 191
joint20.Matrix
1 0 0 0
0 1 0 0
0 0 1 0
0 0 3.55271e-015 1

Frame 192
joint20.Matrix
1 0 0 0
0 1 0 0
0 0 1 0
0 0 3.55271e-015 1

Frame 193
joint20.Matrix
1 0 0 0
0 1 0 0
0 0 1 0
0 0 3.55271e-015 1

Frame 194
joint20.Matrix
1 0 0 0
0 1 0 0
0 0 1 0
0 0 3.55271e-015 1

Frame 195
joint20.Matrix
1 0 0 0
0 1 0 0
0 0 1 0
0 0 3.55271e-015 1

Frame 196
joint20.Matrix
1 0 0 0
0 1 0 0
0 0 1 0
0 0 3.55271e-015 1

Frame 197
joint20.Matrix
1 0 0 0
0 1 0 0
0 0 1 0
0 0 3.55271e-015 1

Frame 198
joint20.Matrix
1 0 0 0
0 1 0 0
0 0 1 0
0 0 3.55271e-015 1

Frame 199
joint20.Matrix
1 0 0 0
0 1 0 0
0 0 1 0
0 0 3.55271e-015 1

Frame 200
joint20.Matrix
1 0 0 0
0 1 0 0
0 0 1 0
0 0 3.55271e-015 1

Frame 201
joint20.Matrix
1 0 0 0
0 1 0 0
0 0 1 0
0 0 3.55271e-015 1

Frame 202
joint20.Matrix
1 0 0 0
0 1 0 0
0 0 1 0
0 0 3.55271e-015 1

Frame 203
joint20.Matrix
1 0 0 0
0 1 0 0
0 0 1 0
0 0 3.55271e-015 1

Frame 204
joint20.Matrix
1 0 0 0
0 1 0 0
0 0 1 0
0 0 3.55271e-015 1

Frame 205
joint20.Matrix
1 0 0 0
0 1 0 0
0 0 1 0
0 0 3.55271e-015 1

Frame 206
joint20.Matrix
1 0 0 0
0 1 0 0
0 0 1 0
0 0 3.55271e-015 1

Frame 207
joint20.Matrix
1 0 0 0
0 1 0 0
0 0 1 0
0 0 3.55271e-015 1

Frame 208
joint20.Matrix
1 0 0 0
0 1 0 0
0 0 1 0
0 0 3.55271e-015 1

Frame 209
joint20.Matrix
1 0 0 0
0 1 0 0
0 0 1 0
0 0 3.55271e-015 1

Frame 210
joint20.Matrix
1 0 0 0
0 1 0 0
0 0 1 0
0 0 3.55271e-015 1

Frame 211
joint20.Matrix
1 0 0 0
0 1 0 0
0 0 1 0
0 0 3.55271e-015 1

Frame 212
joint20.Matrix
1 0 0 0
0 1 0 0
0 0 1 0
0 0 3.55271e-015 1

Frame 213
joint20.Matrix
1 0 0 0
0 1 0 0
0 0 1 0
0 0 3.55271e-015 1

Frame 214
joint20.Matrix
1 0 0 0
0 1 0 0
0 0 1 0
0 0 3.55271e-015 1

Frame 215
joint20.Matrix
1 0 0 0
0 1 0 0
0 0 1 0
0 0 3.55271e-015 1

Frame 216
joint20.Matrix
1 0 0 0
0 1 0 0
0 0 1 0
0 0 3.55271e-015 1

Frame 217
joint20.Matrix
1 0 0 0
0 1 0 0
0 0 1 0
0 0 3.55271e-015 1

Frame 218
joint20.Matrix
1 0 0 0
0 1 0 0
0 0 1 0
0 0 3.55271e-015 1

Frame 219
joint20.Matrix
1 0 0 0
0 1 0 0
0 0 1 0
0 0 3.55271e-015 1

Frame 220
joint20.Matrix
1 0 0 0
0 1 0 0
0 0 1 0
0 0 3.55271e-015 1

Frame 221
joint20.Matrix
1 0 0 0
0 1 0 0
0 0 1 0
0 0 3.55271e-015 1

Frame 222
joint20.Matrix
1 0 0 0
0 1 0 0
0 0 1 0
0 0 3.55271e-015 1

Frame 223
joint20.Matrix
1 0 0 0
0 1 0 0
0 0 1 0
0 0 3.55271e-015 1

Frame 224
joint20.Matrix
1 0 0 0
0 1 0 0
0 0 1 0
0 0 3.55271e-015 1

Frame 225
joint20.Matrix
1 0 0 0
0 1 0 0
0 0 1 0
0 0 3.55271e-015 1

Frame 226
joint20.Matrix
1 0 0 0
0 1 0 0
0 0 1 0
0 0 3.55271e-015 1

Frame 227
joint20.Matrix
1 0 0 0
0 1 0 0
0 0 1 0
0 0 3.55271e-015 1

Frame 228
joint20.Matrix
1 0 0 0
0 1 0 0
0 0 1 0
0 0 3.55271e-015 1

Frame 229
joint20.Matrix
1 0 0 0
0 1 0 0
0 0 1 0
0 0 3.55271e-015 1

Frame 230
joint20.Matrix
1 0 0 0
0 1 0 0
0 0 1 0
0 0 3.55271e-015 1

Frame 231
joint20.Matrix
1 0 0 0
0 1 0 0
0 0 1 0
0 0 3.55271e-015 1

Frame 232
joint20.Matrix
1 0 0 0
0 1 0 0
0 0 1 0
0 0 3.55271e-015 1

Frame 233
joint20.Matrix
1 0 0 0
0 1 0 0
0 0 1 0
0 0 3.55271e-015 1

Frame 234
joint20.Matrix
1 0 0 0
0 1 0 0
0 0 1 0
0 0 3.55271e-015 1

Frame 235
joint20.Matrix
1 0 0 0
0 1 0 0
0 0 1 0
0 0 3.55271e-015 1

Frame 236
joint20.Matrix
1 0 0 0
0 1 0 0
0 0 1 0
0 0 3.55271e-015 1

Frame 237
joint20.Matrix
1 0 0 0
0 1 0 0
0 0 1 0
0 0 3.55271e-015 1

Frame 238
joint20.Matrix
1 0 0 0
0 1 0 0
0 0 1 0
0 0 3.55271e-015 1

Frame 239
joint20.Matrix
1 0 0 0
0 1 0 0
0 0 1 0
0 0 3.55271e-015 1

Frame 240
joint20.Matrix
1 0 0 0
0 1 0 0
0 0 1 0
0 0 3.55271e-015 1

Frame 241
joint20.Matrix
1 0 0 0
0 1 0 0
0 0 1 0
0 0 3.55271e-015 1

Frame 242
joint20.Matrix
1 0 0 0
0 1 0 0
0 0 1 0
0 0 3.55271e-015 1

Frame 243
joint20.Matrix
1 0 0 0
0 1 0 0
0 0 1 0
0 0 3.55271e-015 1

Frame 244
joint20.Matrix
1 0 0 0
0 1 0 0
0 0 1 0
0 0 3.55271e-015 1

Frame 245
joint20.Matrix
1 0 0 0
0 1 0 0
0 0 1 0
0 0 3.55271e-015 1

Frame 246
joint20.Matrix
1 0 0 0
0 1 0 0
0 0 1 0
0 0 3.55271e-015 1

Frame 247
joint20.Matrix
1 0 0 0
0 1 0 0
0 0 1 0
0 0 3.55271e-015 1

Frame 248
joint20.Matrix
1 0 0 0
0 1 0 0
0 0 1 0
0 0 3.55271e-015 1

Frame 249
joint20.Matrix
1 0 0 0
0 1 0 0
0 0 1 0
0 0 3.55271e-015 1

Frame 250
joint20.Matrix
1 0 0 0
0 1 0 0
0 0 1 0
0 0 3.55271e-015 1

Frame 251
joint20.Matrix
1 0 0 0
0 1 0 0
0 0 1 0
0 0 3.55271e-015 1

Frame 252
joint20.Matrix
1 0 0 0
0 1 0 0
0 0 1 0
0 0 3.55271e-015 1

Frame 253
joint20.Matrix
1 0 0 0
0 1 0 0
0 0 1 0
0 0 3.55271e-015 1

Frame 254
joint20.Matrix
1 0 0 0
0 1 0 0
0 0 1 0
0 0 3.55271e-015 1

Frame 255
joint20.Matrix
1 0 0 0
0 1 0 0
0 0 1 0
0 0 3.55271e-015 1

Frame 256
joint20.Matrix
1 0 0 0
0 1 0 0
0 0 1 0
0 0 3.55271e-015 1

Frame 257
joint20.Matrix
1 0 0 0
0 1 0 0
0 0 1 0
0 0 3.55271e-015 1

Frame 258
joint20.Matrix
1 0 0 0
0 1 0 0
0 0 1 0
0 0 3.55271e-015 1

Frame 259
joint20.Matrix
1 0 0 0
0 1 0 0
0 0 1 0
0 0 3.55271e-015 1

Frame 260
joint20.Matrix
1 0 0 0
0 1 0 0
0 0 1 0
0 0 3.55271e-015 1

Frame 261
joint20.Matrix
1 0 0 0
0 1 0 0
0 0 1 0
0 0 3.55271e-015 1

Frame 262
joint20.Matrix
1 0 0 0
0 1 0 0
0 0 1 0
0 0 3.55271e-015 1

Frame 263
joint20.Matrix
1 0 0 0
0 1 0 0
0 0 1 0
0 0 3.55271e-015 1

Frame 264
joint20.Matrix
1 0 0 0
0 1 0 0
0 0 1 0
0 0 3.55271e-015 1

Frame 265
joint20.Matrix
1 0 0 0
0 1 0 0
0 0 1 0
0 0 3.55271e-015 1

Frame 266
joint20.Matrix
1 0 0 0
0 1 0 0
0 0 1 0
0 0 3.55271e-015 1

Frame 267
joint20.Matrix
1 0 0 0
0 1 0 0
0 0 1 0
0 0 3.55271e-015 1

Frame 268
joint20.Matrix
1 0 0 0
0 1 0 0
0 0 1 0
0 0 3.55271e-015 1

Frame 269
joint20.Matrix
1 0 0 0
0 1 0 0
0 0 1 0
0 0 3.55271e-015 1

Frame 270
joint20.Matrix
1 0 0 0
0 1 0 0
0 0 1 0
0 0 3.55271e-015 1

Frame 271
joint20.Matrix
1 0 0 0
0 1 0 0
0 0 1 0
0 0 3.55271e-015 1

Frame 272
joint20.Matrix
1 0 0 0
0 1 0 0
0 0 1 0
0 0 3.55271e-015 1

Frame 273
joint20.Matrix
1 0 0 0
0 1 0 0
0 0 1 0
0 0 3.55271e-015 1

Frame 274
joint20.Matrix
1 0 0 0
0 1 0 0
0 0 1 0
0 0 3.55271e-015 1

Frame 275
joint20.Matrix
1 0 0 0
0 1 0 0
0 0 1 0
0 0 3.55271e-015 1

Frame 276
joint20.Matrix
1 0 0 0
0 1 0 0
0 0 1 0
0 0 3.55271e-015 1

Frame 277
joint20.Matrix
1 0 0 0
0 1 0 0
0 0 1 0
0 0 3.55271e-015 1

Frame 278
joint20.Matrix
1 0 0 0
0 1 0 0
0 0 1 0
0 0 3.55271e-015 1

Frame 279
joint20.Matrix
1 0 0 0
0 1 0 0
0 0 1 0
0 0 3.55271e-015 1

Frame 280
joint20.Matrix
1 0 0 0
0 1 0 0
0 0 1 0
0 0 3.55271e-015 1

Frame 281
joint20.Matrix
1 0 0 0
0 1 0 0
0 0 1 0
0 0 3.55271e-015 1

Frame 282
joint20.Matrix
1 0 0 0
0 1 0 0
0 0 1 0
0 0 3.55271e-015 1

Frame 283
joint20.Matrix
1 0 0 0
0 1 0 0
0 0 1 0
0 0 3.55271e-015 1

Frame 284
joint20.Matrix
1 0 0 0
0 1 0 0
0 0 1 0
0 0 3.55271e-015 1

Frame 285
joint20.Matrix
1 0 0 0
0 1 0 0
0 0 1 0
0 0 3.55271e-015 1

Frame 286
joint20.Matrix
1 0 0 0
0 1 0 0
0 0 1 0
0 0 3.55271e-015 1

Frame 287
joint20.Matrix
1 0 0 0
0 1 0 0
0 0 1 0
0 0 3.55271e-015 1

Frame 288
joint20.Matrix
1 0 0 0
0 1 0 0
0 0 1 0
0 0 3.55271e-015 1

Frame 289
joint20.Matrix
1 0 0 0
0 1 0 0
0 0 1 0
0 0 3.55271e-015 1

Frame 290
joint20.Matrix
1 0 0 0
0 1 0 0
0 0 1 0
0 0 3.55271e-015 1

Frame 291
joint20.Matrix
1 0 0 0
0 1 0 0
0 0 1 0
0 0 3.55271e-015 1

Frame 292
joint20.Matrix
1 0 0 0
0 1 0 0
0 0 1 0
0 0 3.55271e-015 1

Frame 293
joint20.Matrix
1 0 0 0
0 1 0 0
0 0 1 0
0 0 3.55271e-015 1

Frame 294
joint20.Matrix
1 0 0 0
0 1 0 0
0 0 1 0
0 0 3.55271e-015 1

Frame 295
joint20.Matrix
1 0 0 0
0 1 0 0
0 0 1 0
0 0 3.55271e-015 1

Frame 296
joint20.Matrix
1 0 0 0
0 1 0 0
0 0 1 0
0 0 3.55271e-015 1

Frame 297
joint20.Matrix
1 0 0 0
0 1 0 0
0 0 1 0
0 0 3.55271e-015 1

Frame 298
joint20.Matrix
1 0 0 0
0 1 0 0
0 0 1 0
0 0 3.55271e-015 1

Frame 299
joint20.Matrix
1 0 0 0
0 1 0 0
0 0 1 0
0 0 3.55271e-015 1

Frame 300
joint20.Matrix
1 0 0 0
0 1 0 0
0 0 1 0
0 0 3.55271e-015 1

Frame 301
joint20.Matrix
1 0 0 0
0 1 0 0
0 0 1 0
0 0 3.55271e-015 1

Frame 302
joint20.Matrix
1 0 0 0
0 1 0 0
0 0 1 0
0 0 3.55271e-015 1

Frame 303
joint20.Matrix
1 0 0 0
0 1 0 0
0 0 1 0
0 0 3.55271e-015 1

Frame 304
joint20.Matrix
1 0 0 0
0 1 0 0
0 0 1 0
0 0 3.55271e-015 1

Frame 305
joint20.Matrix
1 0 0 0
0 1 0 0
0 0 1 0
0 0 3.55271e-015 1

Frame 306
joint20.Matrix
1 0 0 0
0 1 0 0
0 0 1 0
0 0 3.55271e-015 1

Frame 307
joint20.Matrix
1 0 0 0
0 1 0 0
0 0 1 0
0 0 3.55271e-015 1

Frame 308
joint20.Matrix
1 0 0 0
0 1 0 0
0 0 1 0
0 0 3.55271e-015 1

Frame 309
joint20.Matrix
1 0 0 0
0 1 0 0
0 0 1 0
0 0 3.55271e-015 1

Frame 310
joint20.Matrix
1 0 0 0
0 1 0 0
0 0 1 0
0 0 3.55271e-015 1

Frame 311
joint20.Matrix
1 0 0 0
0 1 0 0
0 0 1 0
0 0 3.55271e-015 1

Frame 312
joint20.Matrix
1 0 0 0
0 1 0 0
0 0 1 0
0 0 3.55271e-015 1

Frame 313
joint20.Matrix
1 0 0 0
0 1 0 0
0 0 1 0
0 0 3.55271e-015 1

Frame 314
joint20.Matrix
1 0 0 0
0 1 0 0
0 0 1 0
0 0 3.55271e-015 1

Frame 315
joint20.Matrix
1 0 0 0
0 1 0 0
0 0 1 0
0 0 3.55271e-015 1

Frame 316
joint20.Matrix
1 0 0 0
0 1 0 0
0 0 1 0
0 0 3.55271e-015 1

Frame 317
joint20.Matrix
1 0 0 0
0 1 0 0
0 0 1 0
0 0 3.55271e-015 1

Frame 318
joint20.Matrix
1 0 0 0
0 1 0 0
0 0 1 0
0 0 3.55271e-015 1

Frame 319
joint20.Matrix
1 0 0 0
0 1 0 0
0 0 1 0
0 0 3.55271e-015 1

Frame 320
joint20.Matrix
1 0 0 0
0 1 0 0
0 0 1 0
0 0 3.55271e-015 1

Frame 321
joint20.Matrix
1 0 0 0
0 1 0 0
0 0 1 0
0 0 3.55271e-015 1

Frame 322
joint20.Matrix
1 0 0 0
0 1 0 0
0 0 1 0
0 0 3.55271e-015 1

Frame 323
joint20.Matrix
1 0 0 0
0 1 0 0
0 0 1 0
0 0 3.55271e-015 1

Frame 324
joint20.Matrix
1 0 0 0
0 1 0 0
0 0 1 0
0 0 3.55271e-015 1

Frame 325
joint20.Matrix
1 0 0 0
0 1 0 0
0 0 1 0
0 0 3.55271e-015 1

Frame 326
joint20.Matrix
1 0 0 0
0 1 0 0
0 0 1 0
0 0 3.55271e-015 1

Frame 327
joint20.Matrix
1 0 0 0
0 1 0 0
0 0 1 0
0 0 3.55271e-015 1

Frame 328
joint20.Matrix
1 0 0 0
0 1 0 0
0 0 1 0
0 0 3.55271e-015 1

Frame 329
joint20.Matrix
1 0 0 0
0 1 0 0
0 0 1 0
0 0 3.55271e-015 1

Frame 330
joint20.Matrix
1 0 0 0
0 1 0 0
0 0 1 0
0 0 3.55271e-015 1

Frame 331
joint20.Matrix
1 0 0 0
0 1 0 0
0 0 1 0
0 0 3.55271e-015 1

Frame 332
joint20.Matrix
1 0 0 0
0 1 0 0
0 0 1 0
0 0 3.55271e-015 1

Frame 333
joint20.Matrix
1 0 0 0
0 1 0 0
0 0 1 0
0 0 3.55271e-015 1

Frame 334
joint20.Matrix
1 0 0 0
0 1 0 0
0 0 1 0
0 0 3.55271e-015 1

Frame 335
joint20.Matrix
1 0 0 0
0 1 0 0
0 0 1 0
0 0 3.55271e-015 1

Frame 336
joint20.Matrix
1 0 0 0
0 1 0 0
0 0 1 0
0 0 3.55271e-015 1

Frame 337
joint20.Matrix
1 0 0 0
0 1 0 0
0 0 1 0
0 0 3.55271e-015 1

Frame 338
joint20.Matrix
1 0 0 0
0 1 0 0
0 0 1 0
0 0 3.55271e-015 1

Frame 339
joint20.Matrix
1 0 0 0
0 1 0 0
0 0 1 0
0 0 3.55271e-015 1

Frame 340
joint20.Matrix
1 0 0 0
0 1 0 0
0 0 1 0
0 0 3.55271e-015 1

Frame 341
joint20.Matrix
1 0 0 0
0 1 0 0
0 0 1 0
0 0 3.55271e-015 1

Frame 342
joint20.Matrix
1 0 0 0
0 1 0 0
0 0 1 0
0 0 3.55271e-015 1

Frame 343
joint20.Matrix
1 0 0 0
0 1 0 0
0 0 1 0
0 0 3.55271e-015 1

Frame 344
joint20.Matrix
1 0 0 0
0 1 0 0
0 0 1 0
0 0 3.55271e-015 1

Frame 345
joint20.Matrix
1 0 0 0
0 1 0 0
0 0 1 0
0 0 3.55271e-015 1

Frame 346
joint20.Matrix
1 0 0 0
0 1 0 0
0 0 1 0
0 0 3.55271e-015 1

Frame 347
joint20.Matrix
1 0 0 0
0 1 0 0
0 0 1 0
0 0 3.55271e-015 1

Frame 348
joint20.Matrix
1 0 0 0
0 1 0 0
0 0 1 0
0 0 3.55271e-015 1

Frame 349
joint20.Matrix
1 0 0 0
0 1 0 0
0 0 1 0
0 0 3.55271e-015 1

Frame 350
joint20.Matrix
1 0 0 0
0 1 0 0
0 0 1 0
0 0 3.55271e-015 1

Frame 351
joint20.Matrix
1 0 0 0
0 1 0 0
0 0 1 0
0 0 3.55271e-015 1

Frame 352
joint20.Matrix
1 0 0 0
0 1 0 0
0 0 1 0
0 0 3.55271e-015 1

Frame 353
joint20.Matrix
1 0 0 0
0 1 0 0
0 0 1 0
0 0 3.55271e-015 1

Frame 354
joint20.Matrix
1 0 0 0
0 1 0 0
0 0 1 0
0 0 3.55271e-015 1

Frame 355
joint20.Matrix
1 0 0 0
0 1 0 0
0 0 1 0
0 0 3.55271e-015 1

Frame 356
joint20.Matrix
1 0 0 0
0 1 0 0
0 0 1 0
0 0 3.55271e-015 1

Frame 357
joint20.Matrix
1 0 0 0
0 1 0 0
0 0 1 0
0 0 3.55271e-015 1

Frame 358
joint20.Matrix
1 0 0 0
0 1 0 0
0 0 1 0
0 0 3.55271e-015 1

Frame 359
joint20.Matrix
1 0 0 0
0 1 0 0
0 0 1 0
0 0 3.55271e-015 1

Frame 360
joint20.Matrix
1 0 0 0
0 1 0 0
0 0 1 0
0 0 3.55271e-015 1

Frame 361
joint20.Matrix
1 0 0 0
0 1 0 0
0 0 1 0
0 0 3.55271e-015 1

Frame 362
joint20.Matrix
1 0 0 0
0 1 0 0
0 0 1 0
0 0 3.55271e-015 1

Frame 363
joint20.Matrix
1 0 0 0
0 1 0 0
0 0 1 0
0 0 3.55271e-015 1

Frame 364
joint20.Matrix
1 0 0 0
0 1 0 0
0 0 1 0
0 0 3.55271e-015 1

Frame 365
joint20.Matrix
1 0 0 0
0 1 0 0
0 0 1 0
0 0 3.55271e-015 1

Frame 366
joint20.Matrix
1 0 0 0
0 1 0 0
0 0 1 0
0 0 3.55271e-015 1

Frame 367
joint20.Matrix
1 0 0 0
0 1 0 0
0 0 1 0
0 0 3.55271e-015 1

Frame 368
joint20.Matrix
1 0 0 0
0 1 0 0
0 0 1 0
0 0 3.55271e-015 1

Frame 369
joint20.Matrix
1 0 0 0
0 1 0 0
0 0 1 0
0 0 3.55271e-015 1

Frame 370
joint20.Matrix
1 0 0 0
0 1 0 0
0 0 1 0
0 0 3.55271e-015 1

Frame 371
joint20.Matrix
1 0 0 0
0 1 0 0
0 0 1 0
0 0 3.55271e-015 1

Frame 372
joint20.Matrix
1 0 0 0
0 1 0 0
0 0 1 0
0 0 3.55271e-015 1

Frame 373
joint20.Matrix
1 0 0 0
0 1 0 0
0 0 1 0
0 0 3.55271e-015 1

Frame 374
joint20.Matrix
1 0 0 0
0 1 0 0
0 0 1 0
0 0 3.55271e-015 1

Frame 375
joint20.Matrix
1 0 0 0
0 1 0 0
0 0 1 0
0 0 3.55271e-015 1

Frame 376
joint20.Matrix
1 0 0 0
0 1 0 0
0 0 1 0
0 0 3.55271e-015 1

Frame 377
joint20.Matrix
1 0 0 0
0 1 0 0
0 0 1 0
0 0 3.55271e-015 1

Frame 378
joint20.Matrix
1 0 0 0
0 1 0 0
0 0 1 0
0 0 3.55271e-015 1

Frame 379
joint20.Matrix
1 0 0 0
0 1 0 0
0 0 1 0
0 0 3.55271e-015 1

Frame 380
joint20.Matrix
1 0 0 0
0 1 0 0
0 0 1 0
0 0 3.55271e-015 1

Frame 381
joint20.Matrix
1 0 0 0
0 1 0 0
0 0 1 0
0 0 3.55271e-015 1

Frame 382
joint20.Matrix
1 0 0 0
0 1 0 0
0 0 1 0
0 0 3.55271e-015 1

Frame 383
joint20.Matrix
1 0 0 0
0 1 0 0
0 0 1 0
0 0 3.55271e-015 1

Frame 384
joint20.Matrix
1 0 0 0
0 1 0 0
0 0 1 0
0 0 3.55271e-015 1

Frame 385
joint20.Matrix
1 0 0 0
0 1 0 0
0 0 1 0
0 0 3.55271e-015 1

Frame 386
joint20.Matrix
1 0 0 0
0 1 0 0
0 0 1 0
0 0 3.55271e-015 1

Frame 387
joint20.Matrix
1 0 0 0
0 1 0 0
0 0 1 0
0 0 3.55271e-015 1

Frame 388
joint20.Matrix
1 0 0 0
0 1 0 0
0 0 1 0
0 0 3.55271e-015 1

Frame 389
joint20.Matrix
1 0 0 0
0 1 0 0
0 0 1 0
0 0 3.55271e-015 1

Frame 390
joint20.Matrix
1 0 0 0
0 1 0 0
0 0 1 0
0 0 3.55271e-015 1

Frame 391
joint20.Matrix
1 0 0 0
0 1 0 0
0 0 1 0
0 0 3.55271e-015 1

Frame 392
joint20.Matrix
1 0 0 0
0 1 0 0
0 0 1 0
0 0 3.55271e-015 1

Frame 393
joint20.Matrix
1 0 0 0
0 1 0 0
0 0 1 0
0 0 3.55271e-015 1

Frame 394
joint20.Matrix
1 0 0 0
0 1 0 0
0 0 1 0
0 0 3.55271e-015 1

Frame 395
joint20.Matrix
1 0 0 0
0 1 0 0
0 0 1 0
0 0 3.55271e-015 1

Frame 396
joint20.Matrix
1 0 0 0
0 1 0 0
0 0 1 0
0 0 3.55271e-015 1

Frame 397
joint20.Matrix
1 0 0 0
0 1 0 0
0 0 1 0
0 0 3.55271e-015 1

Frame 398
joint20.Matrix
1 0 0 0
0 1 0 0
0 0 1 0
0 0 3.55271e-015 1

Frame 399
joint20.Matrix
1 0 0 0
0 1 0 0
0 0 1 0
0 0 3.55271e-015 1

Frame 400
joint20.Matrix
1 0 0 0
0 1 0 0
0 0 1 0
0 0 3.55271e-015 1

Frame 401
joint20.Matrix
1 0 0 0
0 1 0 0
0 0 1 0
0 0 3.55271e-015 1

Frame 402
joint20.Matrix
1 0 0 0
0 1 0 0
0 0 1 0
0 0 3.55271e-015 1

Frame 403
joint20.Matrix
1 0 0 0
0 1 0 0
0 0 1 0
0 0 3.55271e-015 1

Frame 404
joint20.Matrix
1 0 0 0
0 1 0 0
0 0 1 0
0 0 3.55271e-015 1

Frame 405
joint20.Matrix
1 0 0 0
0 1 0 0
0 0 1 0
0 0 3.55271e-015 1

Frame 406
joint20.Matrix
1 0 0 0
0 1 0 0
0 0 1 0
0 0 3.55271e-015 1

Frame 407
joint20.Matrix
1 0 0 0
0 1 0 0
0 0 1 0
0 0 3.55271e-015 1

Frame 408
joint20.Matrix
1 0 0 0
0 1 0 0
0 0 1 0
0 0 3.55271e-015 1

Frame 409
joint20.Matrix
1 0 0 0
0 1 0 0
0 0 1 0
0 0 3.55271e-015 1

Frame 410
joint20.Matrix
1 0 0 0
0 1 0 0
0 0 1 0
0 0 3.55271e-015 1

Frame 411
joint20.Matrix
1 0 0 0
0 1 0 0
0 0 1 0
0 0 3.55271e-015 1

Frame 412
joint20.Matrix
1 0 0 0
0 1 0 0
0 0 1 0
0 0 3.55271e-015 1

Frame 413
joint20.Matrix
1 0 0 0
0 1 0 0
0 0 1 0
0 0 3.55271e-015 1

Frame 414
joint20.Matrix
1 0 0 0
0 1 0 0
0 0 1 0
0 0 3.55271e-015 1

Frame 415
joint20.Matrix
1 0 0 0
0 1 0 0
0 0 1 0
0 0 3.55271e-015 1

Frame 416
joint20.Matrix
1 0 0 0
0 1 0 0
0 0 1 0
0 0 3.55271e-015 1

Frame 417
joint20.Matrix
1 0 0 0
0 1 0 0
0 0 1 0
0 0 3.55271e-015 1

Frame 418
joint20.Matrix
1 0 0 0
0 1 0 0
0 0 1 0
0 0 3.55271e-015 1

Frame 419
joint20.Matrix
1 0 0 0
0 1 0 0
0 0 1 0
0 0 3.55271e-015 1

Frame 420
joint20.Matrix
1 0 0 0
0 1 0 0
0 0 1 0
0 0 3.55271e-015 1

Frame 421
joint20.Matrix
1 0 0 0
0 1 0 0
0 0 1 0
0 0 3.55271e-015 1

Frame 422
joint20.Matrix
1 0 0 0
0 1 0 0
0 0 1 0
0 0 3.55271e-015 1

Frame 423
joint20.Matrix
1 0 0 0
0 1 0 0
0 0 1 0
0 0 3.55271e-015 1

Frame 424
joint20.Matrix
1 0 0 0
0 1 0 0
0 0 1 0
0 0 3.55271e-015 1

Frame 425
joint20.Matrix
1 0 0 0
0 1 0 0
0 0 1 0
0 0 3.55271e-015 1

Frame 426
joint20.Matrix
1 0 0 0
0 1 0 0
0 0 1 0
0 0 3.55271e-015 1

Frame 427
joint20.Matrix
1 0 0 0
0 1 0 0
0 0 1 0
0 0 3.55271e-015 1

Frame 428
joint20.Matrix
1 0 0 0
0 1 0 0
0 0 1 0
0 0 3.55271e-015 1

Frame 429
joint20.Matrix
1 0 0 0
0 1 0 0
0 0 1 0
0 0 3.55271e-015 1

Frame 430
joint20.Matrix
1 0 0 0
0 1 0 0
0 0 1 0
0 0 3.55271e-015 1

Frame 431
joint20.Matrix
1 0 0 0
0 1 0 0
0 0 1 0
0 0 3.55271e-015 1

Frame 432
joint20.Matrix
1 0 0 0
0 1 0 0
0 0 1 0
0 0 3.55271e-015 1

Frame 433
joint20.Matrix
1 0 0 0
0 1 0 0
0 0 1 0
0 0 3.55271e-015 1

Frame 434
joint20.Matrix
1 0 0 0
0 1 0 0
0 0 1 0
0 0 3.55271e-015 1

Frame 435
joint20.Matrix
1 0 0 0
0 1 0 0
0 0 1 0
0 0 3.55271e-015 1

Frame 436
joint20.Matrix
1 0 0 0
0 1 0 0
0 0 1 0
0 0 3.55271e-015 1

Frame 437
joint20.Matrix
1 0 0 0
0 1 0 0
0 0 1 0
0 0 3.55271e-015 1

Frame 438
joint20.Matrix
1 0 0 0
0 1 0 0
0 0 1 0
0 0 3.55271e-015 1

Frame 439
joint20.Matrix
1 0 0 0
0 1 0 0
0 0 1 0
0 0 3.55271e-015 1

Frame 440
joint20.Matrix
1 0 0 0
0 1 0 0
0 0 1 0
0 0 3.55271e-015 1

Frame 441
joint20.Matrix
1 0 0 0
0 1 0 0
0 0 1 0
0 0 3.55271e-015 1

Frame 442
joint20.Matrix
1 0 0 0
0 1 0 0
0 0 1 0
0 0 3.55271e-015 1

Frame 443
joint20.Matrix
1 0 0 0
0 1 0 0
0 0 1 0
0 0 3.55271e-015 1

Frame 444
joint20.Matrix
1 0 0 0
0 1 0 0
0 0 1 0
0 0 3.55271e-015 1

Frame 445
joint20.Matrix
1 0 0 0
0 1 0 0
0 0 1 0
0 0 3.55271e-015 1

Frame 446
joint20.Matrix
1 0 0 0
0 1 0 0
0 0 1 0
0 0 3.55271e-015 1

Frame 447
joint20.Matrix
1 0 0 0
0 1 0 0
0 0 1 0
0 0 3.55271e-015 1

Frame 448
joint20.Matrix
1 0 0 0
0 1 0 0
0 0 1 0
0 0 3.55271e-015 1

Frame 449
joint20.Matrix
1 0 0 0
0 1 0 0
0 0 1 0
0 0 3.55271e-015 1

Frame 450
joint20.Matrix
1 0 0 0
0 1 0 0
0 0 1 0
0 0 3.55271e-015 1

Frame 451
joint20.Matrix
1 0 0 0
0 1 0 0
0 0 1 0
0 0 3.55271e-015 1

Frame 452
joint20.Matrix
1 0 0 0
0 1 0 0
0 0 1 0
0 0 3.55271e-015 1

Frame 453
joint20.Matrix
1 0 0 0
0 1 0 0
0 0 1 0
0 0 3.55271e-015 1

Frame 454
joint20.Matrix
1 0 0 0
0 1 0 0
0 0 1 0
0 0 3.55271e-015 1

Frame 455
joint20.Matrix
1 0 0 0
0 1 0 0
0 0 1 0
0 0 3.55271e-015 1

Frame 456
joint20.Matrix
1 0 0 0
0 1 0 0
0 0 1 0
0 0 3.55271e-015 1

Frame 457
joint20.Matrix
1 0 0 0
0 1 0 0
0 0 1 0
0 0 3.55271e-015 1

Frame 458
joint20.Matrix
1 0 0 0
0 1 0 0
0 0 1 0
0 0 3.55271e-015 1

Frame 459
joint20.Matrix
1 0 0 0
0 1 0 0
0 0 1 0
0 0 3.55271e-015 1

Frame 460
joint20.Matrix
1 0 0 0
0 1 0 0
0 0 1 0
0 0 3.55271e-015 1

Frame 461
joint20.Matrix
1 0 0 0
0 1 0 0
0 0 1 0
0 0 3.55271e-015 1

Frame 462
joint20.Matrix
1 0 0 0
0 1 0 0
0 0 1 0
0 0 3.55271e-015 1

Frame 463
joint20.Matrix
1 0 0 0
0 1 0 0
0 0 1 0
0 0 3.55271e-015 1

Frame 464
joint20.Matrix
1 0 0 0
0 1 0 0
0 0 1 0
0 0 3.55271e-015 1

Frame 465
joint20.Matrix
1 0 0 0
0 1 0 0
0 0 1 0
0 0 3.55271e-015 1

Frame 466
joint20.Matrix
1 0 0 0
0 1 0 0
0 0 1 0
0 0 3.55271e-015 1

Frame 467
joint20.Matrix
1 0 0 0
0 1 0 0
0 0 1 0
0 0 3.55271e-015 1

Frame 468
joint20.Matrix
1 0 0 0
0 1 0 0
0 0 1 0
0 0 3.55271e-015 1

Frame 469
joint20.Matrix
1 0 0 0
0 1 0 0
0 0 1 0
0 0 3.55271e-015 1

Frame 470
joint20.Matrix
1 0 0 0
0 1 0 0
0 0 1 0
0 0 3.55271e-015 1

Frame 471
joint20.Matrix
1 0 0 0
0 1 0 0
0 0 1 0
0 0 3.55271e-015 1

Frame 472
joint20.Matrix
1 0 0 0
0 1 0 0
0 0 1 0
0 0 3.55271e-015 1

Frame 473
joint20.Matrix
1 0 0 0
0 1 0 0
0 0 1 0
0 0 3.55271e-015 1

Frame 474
joint20.Matrix
1 0 0 0
0 1 0 0
0 0 1 0
0 0 3.55271e-015 1

Frame 475
joint20.Matrix
1 0 0 0
0 1 0 0
0 0 1 0
0 0 3.55271e-015 1

Frame 476
joint20.Matrix
1 0 0 0
0 1 0 0
0 0 1 0
0 0 3.55271e-015 1

Frame 477
joint20.Matrix
1 0 0 0
0 1 0 0
0 0 1 0
0 0 3.55271e-015 1

Frame 478
joint20.Matrix
1 0 0 0
0 1 0 0
0 0 1 0
0 0 3.55271e-015 1

Frame 479
joint20.Matrix
1 0 0 0
0 1 0 0
0 0 1 0
0 0 3.55271e-015 1

Frame 480
joint20.Matrix
1 0 0 0
0 1 0 0
0 0 1 0
0 0 3.55271e-015 1

Frame 481
joint20.Matrix
1 0 0 0
0 1 0 0
0 0 1 0
0 0 3.55271e-015 1

Frame 482
joint20.Matrix
1 0 0 0
0 1 0 0
0 0 1 0
0 0 3.55271e-015 1

Frame 483
joint20.Matrix
1 0 0 0
0 1 0 0
0 0 1 0
0 0 3.55271e-015 1

Frame 484
joint20.Matrix
1 0 0 0
0 1 0 0
0 0 1 0
0 0 3.55271e-015 1

Frame 485
joint20.Matrix
1 0 0 0
0 1 0 0
0 0 1 0
0 0 3.55271e-015 1

Frame 486
joint20.Matrix
1 0 0 0
0 1 0 0
0 0 1 0
0 0 3.55271e-015 1

Frame 487
joint20.Matrix
1 0 0 0
0 1 0 0
0 0 1 0
0 0 3.55271e-015 1

Frame 488
joint20.Matrix
1 0 0 0
0 1 0 0
0 0 1 0
0 0 3.55271e-015 1

Frame 489
joint20.Matrix
1 0 0 0
0 1 0 0
0 0 1 0
0 0 3.55271e-015 1

Frame 490
joint20.Matrix
1 0 0 0
0 1 0 0
0 0 1 0
0 0 3.55271e-015 1

Frame 491
joint20.Matrix
1 0 0 0
0 1 0 0
0 0 1 0
0 0 3.55271e-015 1

Frame 492
joint20.Matrix
1 0 0 0
0 1 0 0
0 0 1 0
0 0 3.55271e-015 1

Frame 493
joint20.Matrix
1 0 0 0
0 1 0 0
0 0 1 0
0 0 3.55271e-015 1

Frame 494
joint20.Matrix
1 0 0 0
0 1 0 0
0 0 1 0
0 0 3.55271e-015 1

Frame 495
joint20.Matrix
1 0 0 0
0 1 0 0
0 0 1 0
0 0 3.55271e-015 1

Frame 496
joint20.Matrix
1 0 0 0
0 1 0 0
0 0 1 0
0 0 3.55271e-015 1

Frame 497
joint20.Matrix
1 0 0 0
0 1 0 0
0 0 1 0
0 0 3.55271e-015 1

Frame 498
joint20.Matrix
1 0 0 0
0 1 0 0
0 0 1 0
0 0 3.55271e-015 1

Frame 499
joint20.Matrix
1 0 0 0
0 1 0 0
0 0 1 0
0 0 3.55271e-015 1

Frame 500
joint20.Matrix
1 0 0 0
0 1 0 0
0 0 1 0
0 0 3.55271e-015 1

Frame 501
joint20.Matrix
1 0 0 0
0 1 0 0
0 0 1 0
0 0 3.55271e-015 1

Frame 502
joint20.Matrix
1 0 0 0
0 1 0 0
0 0 1 0
0 0 3.55271e-015 1

Frame 503
joint20.Matrix
1 0 0 0
0 1 0 0
0 0 1 0
0 0 3.55271e-015 1

Frame 504
joint20.Matrix
1 0 0 0
0 1 0 0
0 0 1 0
0 0 3.55271e-015 1

Frame 505
joint20.Matrix
1 0 0 0
0 1 0 0
0 0 1 0
0 0 3.55271e-015 1

Frame 506
joint20.Matrix
1 0 0 0
0 1 0 0
0 0 1 0
0 0 3.55271e-015 1

Frame 507
joint20.Matrix
1 0 0 0
0 1 0 0
0 0 1 0
0 0 3.55271e-015 1

Frame 508
joint20.Matrix
1 0 0 0
0 1 0 0
0 0 1 0
0 0 3.55271e-015 1

Frame 509
joint20.Matrix
1 0 0 0
0 1 0 0
0 0 1 0
0 0 3.55271e-015 1

Frame 510
joint20.Matrix
1 0 0 0
0 1 0 0
0 0 1 0
0 0 3.55271e-015 1

Frame 511
joint20.Matrix
1 0 0 0
0 1 0 0
0 0 1 0
0 0 3.55271e-015 1

Frame 512
joint20.Matrix
1 0 0 0
0 1 0 0
0 0 1 0
0 0 3.55271e-015 1

Frame 513
joint20.Matrix
1 0 0 0
0 1 0 0
0 0 1 0
0 0 3.55271e-015 1

Frame 514
joint20.Matrix
1 0 0 0
0 1 0 0
0 0 1 0
0 0 3.55271e-015 1

Frame 515
joint20.Matrix
1 0 0 0
0 1 0 0
0 0 1 0
0 0 3.55271e-015 1

Frame 516
joint20.Matrix
1 0 0 0
0 1 0 0
0 0 1 0
0 0 3.55271e-015 1

Frame 517
joint20.Matrix
1 0 0 0
0 1 0 0
0 0 1 0
0 0 3.55271e-015 1

Frame 518
joint20.Matrix
1 0 0 0
0 1 0 0
0 0 1 0
0 0 3.55271e-015 1

Frame 519
joint20.Matrix
1 0 0 0
0 1 0 0
0 0 1 0
0 0 3.55271e-015 1

Frame 520
joint20.Matrix
1 0 0 0
0 1 0 0
0 0 1 0
0 0 3.55271e-015 1

Frame 521
joint20.Matrix
1 0 0 0
0 1 0 0
0 0 1 0
0 0 3.55271e-015 1

Frame 522
joint20.Matrix
1 0 0 0
0 1 0 0
0 0 1 0
0 0 3.55271e-015 1

Frame 523
joint20.Matrix
1 0 0 0
0 1 0 0
0 0 1 0
0 0 3.55271e-015 1

Frame 524
joint20.Matrix
1 0 0 0
0 1 0 0
0 0 1 0
0 0 3.55271e-015 1

Frame 525
joint20.Matrix
1 0 0 0
0 1 0 0
0 0 1 0
0 0 3.55271e-015 1

Frame 526
joint20.Matrix
1 0 0 0
0 1 0 0
0 0 1 0
0 0 3.55271e-015 1

Frame 527
joint20.Matrix
1 0 0 0
0 1 0 0
0 0 1 0
0 0 3.55271e-015 1

Frame 528
joint20.Matrix
1 0 0 0
0 1 0 0
0 0 1 0
0 0 3.55271e-015 1

Frame 529
joint20.Matrix
1 0 0 0
0 1 0 0
0 0 1 0
0 0 3.55271e-015 1

Frame 530
joint20.Matrix
1 0 0 0
0 1 0 0
0 0 1 0
0 0 3.55271e-015 1

Frame 531
joint20.Matrix
1 0 0 0
0 1 0 0
0 0 1 0
0 0 3.55271e-015 1

Frame 532
joint20.Matrix
1 0 0 0
0 1 0 0
0 0 1 0
0 0 3.55271e-015 1

Frame 533
joint20.Matrix
1 0 0 0
0 1 0 0
0 0 1 0
0 0 3.55271e-015 1

Frame 534
joint20.Matrix
1 0 0 0
0 1 0 0
0 0 1 0
0 0 3.55271e-015 1

Frame 535
joint20.Matrix
1 0 0 0
0 1 0 0
0 0 1 0
0 0 3.55271e-015 1

Frame 536
joint20.Matrix
1 0 0 0
0 1 0 0
0 0 1 0
0 0 3.55271e-015 1

Frame 537
joint20.Matrix
1 0 0 0
0 1 0 0
0 0 1 0
0 0 3.55271e-015 1

Frame 538
joint20.Matrix
1 0 0 0
0 1 0 0
0 0 1 0
0 0 3.55271e-015 1

Frame 539
joint20.Matrix
1 0 0 0
0 1 0 0
0 0 1 0
0 0 3.55271e-015 1

Frame 540
joint20.Matrix
1 0 0 0
0 1 0 0
0 0 1 0
0 0 3.55271e-015 1

Frame 541
joint20.Matrix
1 0 0 0
0 1 0 0
0 0 1 0
0 0 3.55271e-015 1

Frame 542
joint20.Matrix
1 0 0 0
0 1 0 0
0 0 1 0
0 0 3.55271e-015 1

Frame 543
joint20.Matrix
1 0 0 0
0 1 0 0
0 0 1 0
0 0 3.55271e-015 1

Frame 544
joint20.Matrix
1 0 0 0
0 1 0 0
0 0 1 0
0 0 3.55271e-015 1

Frame 545
joint20.Matrix
1 0 0 0
0 1 0 0
0 0 1 0
0 0 3.55271e-015 1

Frame 546
joint20.Matrix
1 0 0 0
0 1 0 0
0 0 1 0
0 0 3.55271e-015 1

Frame 547
joint20.Matrix
1 0 0 0
0 1 0 0
0 0 1 0
0 0 3.55271e-015 1

Frame 548
joint20.Matrix
1 0 0 0
0 1 0 0
0 0 1 0
0 0 3.55271e-015 1

Frame 549
joint20.Matrix
1 0 0 0
0 1 0 0
0 0 1 0
0 0 3.55271e-015 1

Frame 550
joint20.Matrix
1 0 0 0
0 1 0 0
0 0 1 0
-0.0354199 0 -0.0950615 1

Frame 551
joint20.Matrix
1 0 0 0
0 1 0 0
0 0 1 0
-0.0722203 0 -0.19011 1

Frame 552
joint20.Matrix
1 0 0 0
0 1 0 0
0 0 1 0
-0.110309 0 -0.28515 1

Frame 553
joint20.Matrix
1 0 0 0
0 1 0 0
0 0 1 0
-0.149592 0 -0.380188 1

Frame 554
joint20.Matrix
1 0 0 0
0 1 0 0
0 0 1 0
-0.189974 0 -0.475214 1

Frame 555
joint20.Matrix
1 0 0 0
0 1 0 0
0 0 1 0
-0.231361 0 -0.570234 1

Frame 556
joint20.Matrix
1 0 0 0
0 1 0 0
0 0 1 0
-0.27366 0 -0.665253 1

Frame 557
joint20.Matrix
1 0 0 0
0 1 0 0
0 0 1 0
-0.316775 0 -0.760262 1

Frame 558
joint20.Matrix
1 0 0 0
0 1 0 0
0 0 1 0
-0.360612 0 -0.855266 1

Frame 559
joint20.Matrix
1 0 0 0
0 1 0 0
0 0 1 0
-0.405079 0 -0.950271 1

Frame 560
joint20.Matrix
1 0 0 0
0 1 0 0
0 0 1 0
-0.450078 0 -1.04527 1

Frame 561
joint20.Matrix
1 0 0 0
0 1 0 0
0 0 1 0
-0.495517 0 -1.14026 1

Frame 562
joint20.Matrix
1 0 0 0
0 1 0 0
0 0 1 0
-0.541304 0 -1.23526 1

Frame 563
joint20.Matrix
1 0 0 0
0 1 0 0
0 0 1 0
-0.58734 0 -1.33025 1

Frame 564
joint20.Matrix
1 0 0 0
0 1 0 0
0 0 1 0
-0.633533 0 -1.42524 1

Frame 565
joint20.Matrix
1 0 0 0
0 1 0 0
0 0 1 0
-0.67979 0 -1.52023 1

Frame 566
joint20.Matrix
1 0 0 0
0 1 0 0
0 0 1 0
-0.726015 0 -1.61522 1

Frame 567
joint20.Matrix
1 0 0 0
0 1 0 0
0 0 1 0
-0.772113 0 -1.71022 1

Frame 568
joint20.Matrix
1 0 0 0
0 1 0 0
0 0 1 0
-0.817994 0 -1.80521 1

Frame 569
joint20.Matrix
1 0 0 0
0 1 0 0
0 0 1 0
-0.863559 0 -1.90021 1

Frame 570
joint20.Matrix
1 0 0 0
0 1 0 0
0 0 1 0
-0.908715 0 -1.9952 1

Frame 571
joint20.Matrix
1 0 0 0
0 1 0 0
0 0 1 0
-0.953371 0 -2.09021 1

Frame 572
joint20.Matrix
1 0 0 0
0 1 0 0
0 0 1 0
-0.997428 0 -2.18521 1

Frame 573
joint20.Matrix
1 0 0 0
0 1 0 0
0 0 1 0
-1.04079 0 -2.28022 1

Frame 574
joint20.Matrix
1 0 0 0
0 1 0 0
0 0 1 0
-1.08338 0 -2.37523 1

Frame 575
joint20.Matrix
1 0 0 0
0 1 0 0
0 0 1 0
-1.12508 0 -2.47025 1

Frame 576
joint20.Matrix
1 0 0 0
0 1 0 0
0 0 1 0
-1.1658 0 -2.56527 1

Frame 577
joint20.Matrix
1 0 0 0
0 1 0 0
0 0 1 0
-1.20546 0 -2.66031 1

Frame 578
joint20.Matrix
1 0 0 0
0 1 0 0
0 0 1 0
-1.24396 0 -2.75535 1

Frame 579
joint20.Matrix
1 0 0 0
0 1 0 0
0 0 1 0
-1.2812 0 -2.85039 1

Frame 580
joint20.Matrix
1 0 0 0
0 1 0 0
0 0 1 0
-1.31709 0 -2.94545 1

Frame 581
joint20.Matrix
1 0 0 0
0 1 0 0
0 0 1 0
-1.35154 0 -3.04052 1

Frame 582
joint20.Matrix
1 0 0 0
0 1 0 0
0 0 1 0
-1.38444 0 -3.13559 1

Frame 583
joint20.Matrix
1 0 0 0
0 1 0 0
0 0 1 0
-1.41571 0 -3.23068 1

Frame 584
joint20.Matrix
1 0 0 0
0 1 0 0
0 0 1 0
-1.44526 0 -3.32577 1

Frame 585
joint20.Matrix
1 0 0 0
0 1 0 0
0 0 1 0
-1.47298 0 -3.42087 1

Frame 586
joint20.Matrix
1 0 0 0
0 1 0 0
0 0 1 0
-1.49879 0 -3.516 1

Frame 587
joint20.Matrix
1 0 0 0
0 1 0 0
0 0 1 0
-1.52258 0 -3.61113 1

Frame 588
joint20.Matrix
1 0 0 0
0 1 0 0
0 0 1 0
-1.54427 0 -3.70627 1

Frame 589
joint20.Matrix
1 0 0 0
0 1 0 0
0 0 1 0
-1.56377 0 -3.80143 1

Frame 590
joint20.Matrix
1 0 0 0
0 1 0 0
0 0 1 0
-1.58097 0 -3.8966 1

Frame 591
joint20.Matrix
1 0 0 0
0 1 0 0
0 0 1 0
-1.59578 0 -3.99179 1

Frame 592
joint20.Matrix
1 0 0 0
0 1 0 0
0 0 1 0
-1.60811 0 -4.08699 1

Frame 593
joint20.Matrix
1 0 0 0
0 1 0 0
0 0 1 0
-1.61786 0 -4.18221 1

Frame 594
joint20.Matrix
1 0 0 0
0 1 0 0
0 0 1 0
-1.62494 0 -4.27744 1

Frame 595
joint20.Matrix
1 0 0 0
0 1 0 0
0 0 1 0
-1.62926 0 -4.3727 1

Frame 596
joint20.Matrix
1 0 0 0
0 1 0 0
0 0 1 0
-1.63072 0 -4.46797 1

Frame 597
joint20.Matrix
1 0 0 0
0 1 0 0
0 0 1 0
-1.63072 0 -4.54328 1

Frame 598
joint20.Matrix
1 0 0 0
0 1 0 0
0 0 1 0
-1.63072 0 -4.6687 1

Frame 599
joint20.Matrix
1 0 0 0
0 1 0 0
0 0 1 0
-1.63072 0 -4.87099 1

Frame 600
joint20.Matrix
1 0 0 0
0 1 0 0
0 0 1 0
-1.63072 0 -5.08468 1

Frame 601
joint20.Matrix
1 0 0 0
0 1 0 0
0 0 1 0
-1.63072 0 -5.30643 1

Frame 602
joint20.Matrix
1 0 0 0
0 1 0 0
0 0 1 0
-1.63072 0 -5.53286 1

Frame 603
joint20.Matrix
1 0 0 0
0 1 0 0
0 0 1 0
-1.63072 0 -5.76064 1

Frame 604
joint20.Matrix
1 0 0 0
0 1 0 0
0 0 1 0
-1.63072 0 -5.98643 1

Frame 605
joint20.Matrix
1 0 0 0
0 1 0 0
0 0 1 0
-1.63072 0 -6.20685 1

Frame 606
joint20.Matrix
1 0 0 0
0 1 0 0
0 0 1 0
-1.63072 0 -6.41857 1

Frame 607
joint20.Matrix
1 0 0 0
0 1 0 0
0 0 1 0
-1.63072 0 -6.61823 1

Frame 608
joint20.Matrix
1 0 0 0
0 1 0 0
0 0 1 0
-1.63072 0 -6.80915 1

Frame 609
joint20.Matrix
1 0 0 0
0 1 0 0
0 0 1 0
-1.63072 0 -6.99704 1

Frame 610
joint20.Matrix
1 0 0 0
0 1 0 0
0 0 1 0
-1.63072 0 -7.18221 1

Frame 611
joint20.Matrix
1 0 0 0
0 1 0 0
0 0 1 0
-1.63072 0 -7.36489 1

Frame 612
joint20.Matrix
1 0 0 0
0 1 0 0
0 0 1 0
-1.63072 0 -7.54539 1

Frame 613
joint20.Matrix
1 0 0 0
0 1 0 0
0 0 1 0
-1.63072 0 -7.72397 1

Frame 614
joint20.Matrix
1 0 0 0
0 1 0 0
0 0 1 0
-1.63072 0 -7.90091 1

Frame 615
joint20.Matrix
1 0 0 0
0 1 0 0
0 0 1 0
-1.63072 0 -8.07647 1

Frame 616
joint20.Matrix
1 0 0 0
0 1 0 0
0 0 1 0
-1.63072 0 -8.25096 1

Frame 617
joint20.Matrix
1 0 0 0
0 1 0 0
0 0 1 0
-1.63072 0 -8.42461 1

Frame 618
joint20.Matrix
1 0 0 0
0 1 0 0
0 0 1 0
-1.63072 0 -8.59772 1

Frame 619
joint20.Matrix
1 0 0 0
0 1 0 0
0 0 1 0
-1.63072 0 -8.77058 1

Frame 620
joint20.Matrix
1 0 0 0
0 1 0 0
0 0 1 0
-1.63072 0 -8.94343 1

Frame 621
joint20.Matrix
1 0 0 0
0 1 0 0
0 0 1 0
-1.63072 0 -9.11656 1

Frame 622
joint20.Matrix
1 0 0 0
0 1 0 0
0 0 1 0
-1.63072 0 -9.29026 1

Frame 623
joint20.Matrix
1 0 0 0
0 1 0 0
0 0 1 0
-1.63072 0 -9.46478 1

Frame 624
joint20.Matrix
1 0 0 0
0 1 0 0
0 0 1 0
-1.63072 0 -9.64041 1

Frame 625
joint20.Matrix
1 0 0 0
0 1 0 0
0 0 1 0
-1.63072 0 -9.81743 1

Frame 626
joint20.Matrix
1 0 0 0
0 1 0 0
0 0 1 0
-1.63072 0 -9.99609 1

Frame 627
joint20.Matrix
1 0 0 0
0 1 0 0
0 0 1 0
-1.63072 0 -10.1767 1

Frame 628
joint20.Matrix
1 0 0 0
0 1 0 0
0 0 1 0
-1.63072 0 -10.3595 1

Frame 629
joint20.Matrix
1 0 0 0
0 1 0 0
0 0 1 0
-1.63072 0 -10.5448 1

Frame 630
joint20.Matrix
1 0 0 0
0 1 0 0
0 0 1 0
-1.63072 0 -10.7328 1

Frame 631
joint20.Matrix
1 0 0 0
0 1 0 0
0 0 1 0
-1.63072 0 -10.9239 1

Frame 632
joint20.Matrix
1 0 0 0
0 1 0 0
0 0 1 0
-1.63072 0 -11.1183 1

Frame 633
joint20.Matrix
1 0 0 0
0 1 0 0
0 0 1 0
-1.63072 0 -11.3162 1

Frame 634
joint20.Matrix
1 0 0 0
0 1 0 0
0 0 1 0
-1.63072 0 -11.5181 1

Frame 635
joint20.Matrix
1 0 0 0
0 1 0 0
0 0 1 0
-1.63072 0 -11.724 1

Frame 636
joint20.Matrix
1 0 0 0
0 1 0 0
0 0 1 0
-1.63072 0 -11.9344 1

Frame 637
joint20.Matrix
1 0 0 0
0 1 0 0
0 0 1 0
-1.63072 0 -12.1494 1

Frame 638
joint20.Matrix
1 0 0 0
0 1 0 0
0 0 1 0
-1.63072 0 -12.3694 1

Frame 639
joint20.Matrix
1 0 0 0
0 1 0 0
0 0 1 0
-1.61869 0 -12.5999 1

Frame 640
joint20.Matrix
1 0 0 0
0 1 0 0
0 0 1 0
-1.5841 0 -12.8451 1

Frame 641
joint20.Matrix
1 0 0 0
0 1 0 0
0 0 1 0
-1.52921 0 -13.1036 1

Frame 642
joint20.Matrix
1 0 0 0
0 1 0 0
0 0 1 0
-1.45628 0 -13.3737 1

Frame 643
joint20.Matrix
1 0 0 0
0 1 0 0
0 0 1 0
-1.36754 0 -13.6539 1

Frame 644
joint20.Matrix
1 0 0 0
0 1 0 0
0 0 1 0
-1.26528 0 -13.9424 1

Frame 645
joint20.Matrix
1 0 0 0
0 1 0 0
0 0 1 0
-1.15174 0 -14.2379 1

Frame 646
joint20.Matrix
1 0 0 0
0 1 0 0
0 0 1 0
-1.02917 0 -14.5386 1

Frame 647
joint20.Matrix
1 0 0 0
0 1 0 0
0 0 1 0
-0.89984 0 -14.843 1

Frame 648
joint20.Matrix
1 0 0 0
0 1 0 0
0 0 1 0
-0.765997 0 -15.1495 1

Frame 649
joint20.Matrix
1 0 0 0
0 1 0 0
0 0 1 0
-0.629892 0 -15.4565 1

Frame 650
joint20.Matrix
1 0 0 0
0 1 0 0
0 0 1 0
-0.493793 0 -15.7624 1

Frame 651
joint20.Matrix
1 0 0 0
0 1 0 0
0 0 1 0
-0.35995 0 -16.0657 1

Frame 652
joint20.Matrix
1 0 0 0
0 1 0 0
0 0 1 0
-0.230613 0 -16.3647 1

Frame 653
joint20.Matrix
1 0 0 0
0 1 0 0
0 0 1 0
-0.108049 0 -16.6579 1

Frame 654
joint20.Matrix
1 0 0 0
0 1 0 0
0 0 1 0
0.00549165 0 -16.9437 1

Frame 655
joint20.Matrix
1 0 0 0
0 1 0 0
0 0 1 0
0.107758 0 -17.2205 1

Frame 656
joint20.Matrix
1 0 0 0
0 1 0 0
0 0 1 0
0.196485 0 -17.4867 1

Frame 657
joint20.Matrix
1 0 0 0
0 1 0 0
0 0 1 0
0.269422 0 -17.7407 1

Frame 658
joint20.Matrix
1 0 0 0
0 1 0 0
0 0 1 0
0.324315 0 -17.981 1

Frame 659
joint20.Matrix
1 0 0 0
0 1 0 0
0 0 1 0
0.358903 0 -18.2059 1

Frame 660
joint20.Matrix
1 0 0 0
0 1 0 0
0 0 1 0
0.370934 0 -18.4138 1

Frame 661
joint20.Matrix
1 0 0 0
0 1 0 0
0 0 1 0
0.370934 0 -18.6101 1

Frame 662
joint20.Matrix
1 0 0 0
0 1 0 0
0 0 1 0
0.370934 0 -18.8012 1

Frame 663
joint20.Matrix
1 0 0 0
0 1 0 0
0 0 1 0
0.370934 0 -18.9873 1

Frame 664
joint20.Matrix
1 0 0 0
0 1 0 0
0 0 1 0
0.370934 0 -19.1687 1

Frame 665
joint20.Matrix
1 0 0 0
0 1 0 0
0 0 1 0
0.370934 0 -19.3455 1

Frame 666
joint20.Matrix
1 0 0 0
0 1 0 0
0 0 1 0
0.370934 0 -19.5181 1

Frame 667
joint20.Matrix
1 0 0 0
0 1 0 0
0 0 1 0
0.370934 0 -19.6866 1

Frame 668
joint20.Matrix
1 0 0 0
0 1 0 0
0 0 1 0
0.370934 0 -19.8514 1

Frame 669
joint20.Matrix
1 0 0 0
0 1 0 0
0 0 1 0
0.370934 0 -20.0125 1

Frame 670
joint20.Matrix
1 0 0 0
0 1 0 0
0 0 1 0
0.370934 0 -20.1703 1

Frame 671
joint20.Matrix
1 0 0 0
0 1 0 0
0 0 1 0
0.370934 0 -20.325 1

Frame 672
joint20.Matrix
1 0 0 0
0 1 0 0
0 0 1 0
0.370934 0 -20.4768 1

Frame 673
joint20.Matrix
1 0 0 0
0 1 0 0
0 0 1 0
0.370934 0 -20.626 1

Frame 674
joint20.Matrix
1 0 0 0
0 1 0 0
0 0 1 0
0.370934 0 -20.7727 1

Frame 675
joint20.Matrix
1 0 0 0
0 1 0 0
0 0 1 0
0.370934 0 -20.9173 1

Frame 676
joint20.Matrix
1 0 0 0
0 1 0 0
0 0 1 0
0.370934 0 -21.0599 1

Frame 677
joint20.Matrix
1 0 0 0
0 1 0 0
0 0 1 0
0.370934 0 -21.2008 1

Frame 678
joint20.Matrix
1 0 0 0
0 1 0 0
0 0 1 0
0.370934 0 -21.3403 1

Frame 679
joint20.Matrix
1 0 0 0
0 1 0 0
0 0 1 0
0.370934 0 -21.4785 1

Frame 680
joint20.Matrix
1 0 0 0
0 1 0 0
0 0 1 0
0.370934 0 -21.6157 1

Frame 681
joint20.Matrix
1 0 0 0
0 1 0 0
0 0 1 0
0.370934 0 -21.7521 1

Frame 682
joint20.Matrix
1 0 0 0
0 1 0 0
0 0 1 0
0.370934 0 -21.888 1

Frame 683
joint20.Matrix
1 0 0 0
0 1 0 0
0 0 1 0
0.370934 0 -22.0235 1

Frame 684
joint20.Matrix
1 0 0 0
0 1 0 0
0 0 1 0
0.370934 0 -22.159 1

Frame 685
joint20.Matrix
1 0 0 0
0 1 0 0
0 0 1 0
0.370934 0 -22.2946 1

Frame 686
joint20.Matrix
1 0 0 0
0 1 0 0
0 0 1 0
0.370934 0 -22.4307 1

Frame 687
joint20.Matrix
1 0 0 0
0 1 0 0
0 0 1 0
0.370934 0 -22.5673 1

Frame 688
joint20.Matrix
1 0 0 0
0 1 0 0
0 0 1 0
0.370934 0 -22.7048 1

Frame 689
joint20.Matrix
1 0 0 0
0 1 0 0
0 0 1 0
0.370934 0 -22.8434 1

Frame 690
joint20.Matrix
1 0 0 0
0 1 0 0
0 0 1 0
0.370934 0 -22.9833 1

Frame 691
joint20.Matrix
1 0 0 0
0 1 0 0
0 0 1 0
0.370934 0 -23.1248 1

Frame 692
joint20.Matrix
1 0 0 0
0 1 0 0
0 0 1 0
0.370934 0 -23.268 1

Frame 693
joint20.Matrix
1 0 0 0
0 1 0 0
0 0 1 0
0.370934 0 -23.4133 1

Frame 694
joint20.Matrix
1 0 0 0
0 1 0 0
0 0 1 0
0.370934 0 -23.5609 1

Frame 695
joint20.Matrix
1 0 0 0
0 1 0 0
0 0 1 0
0.370934 0 -23.7109 1

Frame 696
joint20.Matrix
1 0 0 0
0 1 0 0
0 0 1 0
0.370934 0 -23.7109 1

Frame 697
joint20.Matrix
1 0 0 0
0 1 0 0
0 0 1 0
0.370934 0 -23.7109 1

Frame 698
joint20.Matrix
1 0 0 0
0 1 0 0
0 0 1 0
0.370934 0 -23.7109 1

