

17.6.2011 10:42:27
Terrain: media\Puget16k\Puget_16384x16384.hf
Screen resloution: 1920x1200
Screen space threshold: 1.00
Texture array cache: Yes
 178  193  190  187  184  186  205  220  219  227  225  226  216  197  198  200  210  227  252  269  278  304  315  319  325  336  377  394  437  446  448  460  480  494  521  542  540  504  499  556  594  643  650  596  503  351  227  158  161  162  159  159  153  148  147  146  144  141  145  155  161  173  186  195  201  199  194  194  195  199  212  216  215  206  213  227  239  237  233  228  217  205  196  189  179  173  170  169  168  170  170  163  162  161  156  160  197  244  262  270  275  283  322  372  400  415  433  436  431  431 

17.6.2011 10:43:28
Terrain: media\Puget16k\Puget_16384x16384.hf
Screen resloution: 1920x1200
Screen space threshold: 1.00
Texture array cache: Yes
 177  193  190  187  184  185  204  220  219  227  225  226  216  197  198  200  210  227  252  270  278  304  315  318  326  337  377  394  436  446  448  459  479  494  521  542  539  504  499  556  594  641  649  596  503  351  227  172  161  162  159  159  153  148  147  146  144  141  145  155  161  173  186  195  201  199  194  194  196  199  212  216  215  207  213  227  239  237  233  228  217  205  196  188  179  172  170  169  168  170  170  164  163  161  157  160  197  244  262  270  275  282  322  371  400  415  432  436  431  431 

17.6.2011 10:44:29
Terrain: media\Puget16k\Puget_16384x16384.hf
Screen resloution: 1920x1200
Screen space threshold: 2.00
Texture array cache: Yes
 508  555  587  554  522  509  518  538  545  553  539  520  487  441  435  429  448  477  521  549  561  571  575  595  619  650  630  618  623  611  604  623  650  715  758  779  781  800  785  811  842  933  990  963  859  643  472  384  355  356  359  356  342  326  312  309  307  312  319  321  328  321  332  359  384  393  404  413  421  444  467  475  489  479  482  485  473  457  450  442  432  409  392  382  363  338  326  324  325  330  327  312  305  307  311  337  414  496  575  619  626  687  736  763  884  937  927  952  952  953 

17.6.2011 10:45:31
Terrain: media\Puget16k\Puget_16384x16384.hf
Screen resloution: 1920x1200
Screen space threshold: 3.00
Texture array cache: Yes
 847  922  988  980  935  923  892  908  878  824  830  815  780  748  742  744  748  770  812  840  866  860  868  865  821  827  832  875  875  849  846  833  898  965 1011 1056 1106 1114 1090 1132 1158 1197 1239 1149 1080  900  707  570  547  556  553  549  532  537  538  550  523  497  493  481  494  517  509  522  546  581  603  601  611  631  645  637  633  651  665  660  650  641  625  589  589  571  542  532  498  479  469  465  458  457  454  443  436  432  433  471  590  739  853  898  910  953 1041 1123 1162 1300 1345 1341 1321 1321 

17.6.2011 10:46:59
Terrain: media\Puget16k\Puget_16384x16384.hf
Screen resloution: 1600x1200
Screen space threshold: 1.00
Texture array cache: Yes
 202  218  216  215  216  222  236  250  249  257  260  263  251  240  241  253  264  284  301  313  318  349  353  352  361  376  423  442  491  501  510  532  566  593  617  644  655  621  626  681  714  767  751  728  631  456  284  199  165  181  179  177  172  166  163  162  159  160  165  178  187  204  223  232  236  233  230  231  230  231  247  248  252  250  255  270  285  290  282  273  259 

17.6.2011 10:47:40
Terrain: media\Puget16k\Puget_16384x16384.hf
Screen resloution: 1600x1200
Screen space threshold: 1.00
Texture array cache: Yes
 194  217  217  215  216  222  236  250  249  257  260  263  251  240  241  252  264  283  301  313  317  350  354  352  361  376  423  443  491  502  511  532  565  593  618  644  654  621  625  681  714  768  752  727  631  456  285  199  182  181  180  177  172  166  163  162  159  160  165  178  187  204  223  232  236  233  230  231  231  231  247  248  252  250  255  270  285  289  283  273  259  244  234  230  222  207  199  195  191  192  190  182  178  177  174  195  240  291  314  324  330  343  380  437  461  484  503  508  505  505 

17.6.2011 10:48:41
Terrain: media\Puget16k\Puget_16384x16384.hf
Screen resloution: 1600x1200
Screen space threshold: 2.00
Texture array cache: Yes
 609  652  686  639  601  588  588  618  615  626  611  613  572  527  535  534  557  592  626  629  638  635  647  656  693  736  695  684  689  672  682  714  760  850  911  921  974  967  940 1004 1049 1175 1182 1140 1048  813  572  443  402  403  408  403  385  363  350  346  342  349  356  362  368  366  385  422  444  450  469  475  493  512  554  562  563  575  576  571  560  535  522  514  499  481  461  459  439  403  380  373  369  370  363  349  341  341  343  402  498  597  683  755  730  822  859  888  995 1061 1052 1089 1075 1075 

17.6.2011 10:49:41
Terrain: media\Puget16k\Puget_16384x16384.hf
Screen resloution: 1600x1200
Screen space threshold: 3.00
Texture array cache: Yes
 970 1054 1124 1133 1083 1050  992 1010  989  923  942  950  908  894  885  887  911  918  949  962  975  972  983  949  913  925  913  974  966  939  948  942 1062 1127 1227 1238 1318 1362 1335 1394 1412 1462 1427 1381 1278 1107  853  663  609  619  618  615  601  597  589  604  577  557  561  561  564  590  591  596  629  672  717  706  708  737  747  741  737  782  779  768  753  747  748  711  688  682  654  614  584  557  533  526  515  515  508  498  491  487  482  556  697  867 1000 1069 1058 1139 1212 1263 1308 1488 1510 1495 1443 1444 

17.6.2011 10:50:59
Terrain: media\Puget16k\Puget_16384x16384.hf
Screen resloution: 1280x1024
Screen space threshold: 1.00
Texture array cache: Yes
 275  288  289  282  281  276  291  308  311  324  335  333  332  326  332  331  335  353  369  403  415  417  449  448  441  449  474  488  534  545  560  585  647  699  753  763  775  761  768  815  828  892  888  850  767  571  370  255  224  225  227  223  215  207  204  200  178  203  204  214  225  243 

17.6.2011 10:51:31
Terrain: media\Puget16k\Puget_16384x16384.hf
Screen resloution: 1280x1024
Screen space threshold: 1.00
Texture array cache: Yes
 282  290  289  283  280  277  291  308  310  324  335  332  332  325  332  331  335  353  369  403  414  417  449  449  441  449  473  487  534  545  561  586  647  700  753  764  775  763  768  816  830  892  889  851  766  572  370  255  224  225  227  223  215  207  203  201  197  202  204  215  225  242  267  293  303  311  311  308  306  304  316  317  323  333  350  370  370  373  367  352  335  316  306  301  286  256  242  234  230  227  224  215  214  215  214  251  308  383  427  432  453  456  499  572  589  641  621  619  610  612 

17.6.2011 10:52:31
Terrain: media\Puget16k\Puget_16384x16384.hf
Screen resloution: 1280x1024
Screen space threshold: 2.00
Texture array cache: Yes
 827  862  896  907  854  794  774  785  807  804  803  793  767  721  748  764  759  749  788  846  820  832  830  789  817  878  898  836  822  837  847  925  997 1058 1189 1204 1248 1279 1233 1270 1275 1392 1427 1334 1256 1044  756  562  508  513  516  522  498  482  464  457  444  433  436  457  474  476  488  494  545  571  599  605  622  653  706  702  697  724  714  715  718  691  688  671  634  605  592  583  553  514  481  471  469  455  445  432  427  429  433  500  657  809  896  984  955 1079 1136 1113 1238 1405 1347 1305 1280 1279 

17.6.2011 10:53:34
Terrain: media\Puget16k\Puget_16384x16384.hf
Screen resloution: 1280x1024
Screen space threshold: 3.00
Texture array cache: Yes
1230 1382 1451 1499 1421 1368 1365 1412 1411 1334 1295 1249 1181 1164 1184 1198 1193 1159 1192 1254 1293 1256 1203 1203 1126 1156 1097 1071 1126 1114 1149 1183 1318 1430 1561 1529 1643 1656 1605 1620 1694 1796 1792 1733 1629 1425 1093  888  828  817  816  803  762  741  735  715  741  752  774  717  729  731  750  748  803  854  913  925  956  980  974  931  921  968  954  928  910  884  892  883  853  853  847  820  780  702  671  653  650  644  629  594  585  598  602  732  877 1070 1254 1386 1408 1447 1494 1560 1601 1706 1710 1713 1717 1711 

22.6.2011 18:35:46
Terrain: media\Puget16k\Puget_16384x16384.hf
Screen resloution: 1280x1024
Screen space threshold: 2.00
Texture array cache: Yes
 509  499  508  495  488  495  512  516  511  514  531  532  544  481  498  507  524  512  510  524  525  515  530  544  566  536  583  524  523  510  504  511  501  515  565  537  567  589  582  594  600  589  634  582  551  552  569  544  498  532  527  349  358  323  326  372  354  354  356  351  345  313  279  311  349  330  326  343  335  322  331  327  318  300  293  295  302  299  306  298  287  280  285  275  269  268  265  261  263  271  269  221  230  258  257  257  277  281  294  317  320  343  338  345  360  372  374  378  382  390 

22.6.2011 19:22:40
Terrain: media\Puget16k\Puget_16384x16384.hf
Screen resloution: 1280x1024
Screen space threshold: 2.00
Texture array cache: Yes
 415  418  412  293   20   20   20   20   20   20   20   20   20   20   20   20   19   20   32  513  513  535  547  565  580  579  583  557  549   67   20  256  523  535  578  566  558  587  607  624  618  639  661  610  585  583  520  507  499  508  479  471  456  450  435  429  421  428  432  444  433  443  430  438  449  450  434  434  422  408  417  423  407  385  384  397  408  417  416  418  421  415  411  407  400  393  386  389  394  387  377  378  376  377  371  387  400  412  442  461  486  496  503  500  514  526  529  510  515  534 

22.6.2011 20:28:20
Terrain: media\Puget16k\Puget_16384x16384.hf
Screen resloution: 1920x1139
Screen space threshold: 1.00
Texture array cache: Yes
 149  160  158  161  139  168  178  186  187  195  185  194  190  186  188  195  192  207  218  218  223  235  253  253  247  257  260  265  266  256  247  240  244  261  273  273  276  279  281  289  298  297  308  297  266  235  196  171  169  178  169  162  156  153  155  155  152  150  131  153  163  160  172  172  176  173  168  166  156  151  153  155  150  140  141  149  158  156  158  157  156  154  159  157  145  147  155  156  162  163  162  160  160  160  156  153  166  182  183  194  200  208  212  216  217  240  237  251  259  257 

23.6.2011 11:45:46
Terrain: media\Puget16k\Puget_16384x16384.hf
Screen resloution: 1280x1024
Screen space threshold: 2.00
Texture array cache: Yes
 529  526  534  502  506  514  523  549  547  559  563  550  560  527  547  559  568  500  549  561  557  555  584  589  596  581  595  561  557  547  526  530  544  557  598  590  616  637  634  646  630  652 

23.6.2011 11:46:23
Terrain: media\Puget16k\Puget_16384x16384.hf
Screen resloution: 1280x1024
Screen space threshold: 2.00
Texture array cache: Yes
 516  513  512  502  498  500  515  530  554 